# ID         RA    DEC         L       B
NGC104,00 24 05.67,-72 04 52.6,305.89,-44.89
NGC288,00 52 45.24,-26 34 57.4,152.30,-89.38
NGC362,01 03 14.26,-70 50 55.6,301.53,-46.25
Whiting1,02 02 57,-03 15 10,161.22,-60.76
NGC1261,03 12 16.21,-55 12 58.4,270.54,-52.12
Pal1,03 33 20.04,+79 34 51.8,130.06,19.03
AM1,03 55 02.3,-49 36 55,258.34,-48.47
Eridanus,04 24 44.5,-21 11 13,218.10,-41.33
Pal2,04 46 05.91,+31 22 53.4,170.53,-9.07
NGC1851,05 14 06.76,-40 02 47.6,244.51,-35.03
NGC1904,05 24 11.09,-24 31 29.0,227.23,-29.35
NGC2298,06 48 59.41,-36 00 19.1,245.63,-16.00
NGC2419,07 38 08.47,+38 52 56.8,180.37,25.24
Ko2,07 58 17.0,+26 15 18,195.12,25.54
Pyxis,09 07 57.8,-37 13 17,261.32,7.00
NGC2808,09 12 03.10,-64 51 48.6,282.19,-11.25
E3,09 20 57.07,-77 16 54.8,292.27,-19.02
Pal3,10 05 31.9,+00 04 18,240.15,41.86
NGC3201,10 17 36.82,-46 24 44.9,277.23,8.64
Pal4,11 29 16.80,+28 58 24.9,202.31,71.80
Ko1,11 59 18.5,+12 15 36,260.99,70.75
NGC4147,12 10 06.30,+18 32 33.5,252.85,77.19
NGC4372,12 25 45.40,-72 39 32.4,300.99,-9.88
Rup106,12 38 40.2,-51 09 01,300.88,11.67
NGC4590,12 39 27.98,-26 44 38.6,299.63,36.05
NGC4833,12 59 33.92,-70 52 35.4,303.60,-8.02
NGC5024,13 12 55.25,+18 10 05.4,332.96,79.76
NGC5053,13 16 27.09,+17 42 00.9,335.70,78.95
NGC5139,13 26 47.24,-47 28 46.5,309.10,14.97
NGC5272,13 42 11.62,+28 22 38.2,42.22,78.71
NGC5286,13 46 26.81,-51 22 27.3,311.61,10.57
AM4,13 56 21.7,-27 10 03,320.28,33.51
NGC5466,14 05 27.29,+28 32 04.0,42.15,73.59
NGC5634,14 29 37.23,-05 58 35.1,342.21,49.26
NGC5694,14 39 36.29,-26 32 20.2,331.06,30.36
IC4499,15 00 18.45,-82 12 49.3,307.35,-20.47
NGC5824,15 03 58.63,-33 04 05.6,332.56,22.07
Pal5,15 16 05.25,-00 06 41.8,0.85,45.86
NGC5897,15 17 24.50,-21 00 37.0,342.95,30.29
NGC5904,15 18 33.22,+02 04 51.7,3.86,46.80
NGC5927,15 28 00.69,-50 40 22.9,326.60,4.86
NGC5946,15 35 28.52,-50 39 34.8,327.58,4.19
BH176,15 39 07.45,-50 03 09.8,328.41,4.34
NGC5986,15 46 03.00,-37 47 11.1,337.02,13.27
Lynga7,16 11 03.65,-55 19 04.0,328.77,-2.80
Pal14,16 11 00.6,+14 57 28,28.74,42.19
NGC6093,16 17 02.41,-22 58 33.9,352.67,19.46
NGC6121,16 23 35.22,-26 31 32.7,350.97,15.97
NGC6101,16 25 48.12,-72 12 07.9,317.74,-15.82
NGC6144,16 27 13.86,-26 01 24.6,351.93,15.70
NGC6139,16 27 40.37,-38 50 55.5,342.37,6.94
Terzan3,16 28 40.08,-35 21 12.5,345.08,9.19
NGC6171,16 32 31.86,-13 03 13.6,3.37,23.01
1636-283,16 39 25.45,-28 23 55.3,351.91,12.10
NGC6205,16 41 41.24,+36 27 35.5,59.01,40.91
NGC6229,16 46 58.79,+47 31 39.9,73.64,40.31
NGC6218,16 47 14.18,-01 56 54.7,15.72,26.31
FSR1735,16 52 10.6,-47 03 29,339.19,-1.85
NGC6235,16 53 25.31,-22 10 38.8,358.92,13.52
NGC6254,16 57 09.05,-04 06 01.1,15.14,23.08
NGC6256,16 59 32.62,-37 07 17.0,347.79,3.31
Pal15,16 59 51.0,-00 32 20,18.88,24.30
NGC6266,17 01 12.80,-30 06 49.4,353.57,7.32
NGC6273,17 02 37.80,-26 16 04.7,356.87,9.38
NGC6284,17 04 28.51,-24 45 53.5,358.35,9.94
NGC6287,17 05 09.13,-22 42 30.1,0.13,11.02
NGC6293,17 10 10.20,-26 34 55.5,357.62,7.83
NGC6304,17 14 32.25,-29 27 43.3,355.83,5.38
NGC6316,17 16 37.30,-28 08 24.4,357.18,5.76
NGC6341,17 17 07.39,+43 08 09.4,68.34,34.86
NGC6325,17 17 59.21,-23 45 57.6,0.97,8.00
NGC6333,17 19 11.26,-18 30 57.4,5.54,10.71
NGC6342,17 21 10.08,-19 35 14.7,4.90,9.72
NGC6356,17 23 34.93,-17 48 46.9,6.72,10.22
NGC6355,17 23 58.59,-26 21 12.3,359.59,5.43
NGC6352,17 25 29.11,-48 25 19.8,341.42,-7.17
IC1257,17 27 08.5,-07 05 35,16.54,15.15
Terzan2,17 27 33.10,-30 48 08.4,356.32,2.30
NGC6366,17 27 44.24,-05 04 47.5,18.41,16.04
Terzan4,17 30 39.00,-31 35 43.9,356.02,1.31
HP1,17 31 05.2,-29 58 54,357.44,2.12
NGC6362,17 31 54.99,-67 02 54.0,325.55,-17.57
Liller1,17 33 24.50,-33 23 20.4,354.84,-0.16
NGC6380,17 34 28.0,-39 04 09,350.18,-3.42
Terzan1,17 35 47.8,-30 28 11,357.57,1.00
Ton2,17 36 10.5,-38 33 12,350.80,-3.42
NGC6388,17 36 17.23,-44 44 07.8,345.56,-6.74
NGC6402,17 37 36.10,-03 14 45.3,21.32,14.81
NGC6401,17 38 36.60,-23 54 34.2,3.45,3.98
NGC6397,17 40 42.09,-53 40 27.6,338.17,-11.96
Pal6,17 43 42.2,-26 13 21,2.10,1.78
NGC6426,17 44 54.65,+03 10 12.5,28.09,16.23
Djorg1,17 47 28.3,-33 03 56,356.69,-2.47
Terzan5,17 48 04.80,-24 46 45,3.84,1.69
NGC6440,17 48 52.70,-20 21 36.9,7.73,3.80
NGC6441,17 50 13.06,-37 03 05.2,353.53,-5.01
Terzan6,17 50 46.38,-31 16 31.4,358.57,-2.16
NGC6453,17 50 51.70,-34 35 57.0,355.72,-3.87
UKS1,17 54 27.2,-24 08 43,5.13,0.76
NGC6496,17 59 03.68,-44 15 57.4,348.03,-10.01
Terzan9,18 01 38.8,-26 50 23,3.61,-1.99
Djorg2,18 01 49.1,-27 49 33,2.77,-2.50
NGC6517,18 01 50.52,-08 57 31.6,19.23,6.76
Terzan10,18 03 36.4,-26 04 21,4.49,-1.99
NGC6522,18 03 34.02,-30 02 02.3,1.02,-3.93
NGC6535,18 03 50.51,-00 17 51.5,27.18,10.44
NGC6528,18 04 49.64,-30 03 22.6,1.14,-4.17
NGC6539,18 04 49.68,-07 35 09.1,20.80,6.78
NGC6540,18 06 08.6,-27 45 55,3.29,-3.31
NGC6544,18 07 20.58,-24 59 50.4,5.84,-2.20
NGC6541,18 08 02.36,-43 42 53.6,349.29,-11.19
2MS-GC01,18 08 21.81,-19 49 47,10.48,0.11
ESO-SC06,18 09 06.0,-46 25 23,346.90,-12.57
NGC6553,18 09 17.60,-25 54 31.3,5.26,-3.03
2MS-GC02,18 09 36.50,-20 46 44,9.79,-0.61
NGC6558,18 10 17.60,-31 45 50.0,0.20,-6.02
IC1276,18 10 44.20,-07 12 27.4,21.83,5.67
Terzan12,18 12 15.8,-22 44 31,8.37,-2.10
NGC6569,18 13 38.80,-31 49 36.8,0.48,-6.68
BH261,18 14 06.6,-28 38 06,3.36,-5.27
GLIMPSE02,18 18 30.5,-16 58 38,14.14,-0.64
NGC6584,18 18 37.60,-52 12 56.8,342.14,-16.41
NGC6624,18 23 40.51,-30 21 39.7,2.79,-7.91
NGC6626,18 24 32.81,-24 52 11.2,7.80,-5.58
NGC6638,18 30 56.10,-25 29 50.9,7.90,-7.15
NGC6637,18 31 23.10,-32 20 53.1,1.72,-10.27
NGC6642,18 31 54.10,-23 28 30.7,9.81,-6.44
NGC6652,18 35 45.63,-32 59 26.6,1.53,-11.38
NGC6656,18 36 23.94,-23 54 17.1,9.89,-7.55
Pal8,18 41 29.9,-19 49 33,14.11,-6.79
NGC6681,18 43 12.76,-32 17 31.6,2.85,-12.51
GLIMPSE01,18 48 49.7,-01 29 50,31.31,-0.10
NGC6712,18 53 04.30,-08 42 22.0,25.35,-4.32
NGC6715,18 55 03.33,-30 28 47.5,5.61,-14.09
NGC6717,18 55 06.04,-22 42 05.3,12.88,-10.90
NGC6723,18 59 33.15,-36 37 56.1,0.07,-17.30
NGC6749,19 05 15.3,+01 54 03,36.20,-2.21
NGC6752,19 10 52.11,-59 59 04.4,336.49,-25.63
NGC6760,19 11 12.01,+01 01 49.7,36.11,-3.92
NGC6779,19 16 35.57,+30 11 00.5,62.66,8.34
Terzan7,19 17 43.92,-34 39 27.8,3.39,-20.07
Pal10,19 18 02.1,+18 34 18,52.43,2.72
Arp2,19 28 44.11,-30 21 20.3,8.55,-20.79
NGC6809,19 39 59.71,-30 57 53.1,8.79,-23.27
Terzan8,19 41 44.41,-33 59 58.1,5.76,-24.56
Pal11,19 45 14.4,-08 00 26,31.81,-15.57
NGC6838,19 53 46.49,+18 46 45.1,56.75,-4.56
NGC6864,20 06 04.69,-21 55 16.2,20.30,-25.75
NGC6934,20 34 11.37,+07 24 16.1,52.10,-18.89
NGC6981,20 53 27.70,-12 32 14.3,35.16,-32.68
NGC7006,21 01 29.38,+16 11 14.4,63.77,-19.41
NGC7078,21 29 58.33,+12 10 01.2,65.01,-27.31
NGC7089,21 33 27.02,-00 49 23.7,53.37,-35.77
NGC7099,21 40 22.12,-23 10 47.5,27.18,-46.84
Pal12,21 46 38.84,-21 15 09.4,30.51,-47.68
Pal13,23 06 44.44,+12 46 19.2,87.10,-42.70
NGC7492,23 08 26.63,-15 36 41.4,53.39,-63.48