# SIMPLE  =                    T / Fits standard                                  
# BITPIX  =                  -32 / Bits per pixel                                 
# NAXIS   =                    1 / Number of axes                                 
# NAXIS1  =                 1620 / Axis length                                    
# EXTEND  =                    F / File may contain extensions                    
# ORIGIN  = 'NOAO-IRAF FITS Image Kernel July 2003' / FITS file originator        
# DATE    = '2013-01-12T21:44:14' / Date FITS file was generated                  
# IRAF-TLM= '2013-01-12T21:44:34' / Time of last modification                     
# DC-FLAG =                    0                                                  
# CRPIX1  =                   1.                                                  
# CRVAL1  =                3800.                                                  
# CDELT1  =                 2.47                                                  
# DATE-OBS= '2013-01-10T05:11:17.084'                                             
# MJD     =         56302.237004                                                  
# EXPTIME =               1800.0                                                  
# OBSERVAT= 'Palomar '                                                            
# EPOCH   =     2013.02591696073                                                  
#                                                                                 
#                                                                                 
#                                                                                 
#                                                                                 
#                                                                                 
#                                                                                 
#                                                                                 
#                                                                                 
#                                                                                 
#                                                                                 
#                                                                                 
#                                                                                 
#                                                                                 
#                                                                                 
#                                                                                 
#                                                                                 
#                                                                                 
#                                                                                 
# 
3800.000000 1.1912e-17
3802.469971 9.2973e-18
3804.939941 9.8103e-18
3807.409912 8.3454e-18
3809.879883 1.0557e-17
3812.350098 1.1565e-17
3814.820068 9.6868e-18
3817.290039 1.1599e-17
3819.760010 1.4269e-17
3822.229980 1.1688e-17
3824.699951 1.1241e-17
3827.169922 2.0167e-17
3829.639893 1.1261e-17
3832.110107 1.1675e-17
3834.580078 7.8041e-18
3837.050049 1.0904e-17
3839.520020 1.2522e-17
3841.989990 1.0797e-17
3844.459961 8.0585e-18
3846.929932 1.5828e-17
3849.399902 1.5784e-17
3851.870117 9.8768e-18
3854.340088 8.2284e-18
3856.810059 7.7196e-18
3859.280029 7.7228e-18
3861.750000 9.466e-18
3864.219971 1.4555e-17
3866.689941 1.1518e-17
3869.159912 1.2171e-17
3871.629883 7.495e-18
3874.100098 7.3992e-18
3876.570068 7.6221e-18
3879.040039 1.3007e-17
3881.510010 1.1074e-17
3883.979980 8.3849e-18
3886.449951 1.4118e-17
3888.919922 1.6433e-17
3891.389893 1.5176e-17
3893.860107 1.8809e-17
3896.330078 2.736e-18
3898.800049 9.7397e-18
3901.270020 1.3288e-17
3903.739990 1.5308e-17
3906.209961 8.2174e-18
3908.679932 6.6651e-18
3911.149902 1.3488e-17
3913.620117 1.2657e-17
3916.090088 1.332e-17
3918.560059 9.0822e-18
3921.030029 1.6396e-17
3923.500000 1.6591e-17
3925.969971 1.1564e-17
3928.439941 1.2088e-17
3930.909912 1.6561e-17
3933.379883 2.2823e-17
3935.850098 1.7884e-17
3938.320068 1.3251e-17
3940.790039 1.8807e-17
3943.260010 2.3921e-17
3945.729980 1.9012e-17
3948.199951 1.8065e-17
3950.669922 1.5153e-17
3953.139893 1.328e-17
3955.610107 1.4919e-17
3958.080078 1.5585e-17
3960.550049 1.8375e-17
3963.020020 1.5397e-17
3965.489990 1.5459e-17
3967.959961 1.2138e-17
3970.429932 1.0177e-17
3972.899902 1.7015e-17
3975.370117 1.9142e-17
3977.840088 1.6665e-17
3980.310059 1.4108e-17
3982.780029 1.1576e-17
3985.250000 1.7218e-17
3987.719971 1.165e-17
3990.189941 1.3125e-17
3992.659912 1.2722e-17
3995.129883 1.4184e-17
3997.600098 1.6602e-17
4000.070068 1.3557e-17
4002.540039 9.38e-18
4005.010010 1.2947e-17
4007.479980 1.3646e-17
4009.949951 8.0531e-18
4012.419922 1.179e-17
4014.889893 1.4115e-17
4017.360107 1.8352e-17
4019.830078 1.3936e-17
4022.300049 1.7657e-17
4024.770020 1.2914e-17
4027.239990 1.5369e-17
4029.709961 1.5107e-17
4032.179932 1.0334e-17
4034.649902 1.4885e-17
4037.120117 1.37e-17
4039.590088 1.4732e-17
4042.060059 1.6462e-17
4044.530029 2.3487e-17
4047.000000 1.6721e-17
4049.469971 6.9586e-18
4051.939941 1.5279e-17
4054.409912 1.4583e-17
4056.879883 1.8426e-17
4059.350098 1.6857e-17
4061.820068 1.7265e-17
4064.290039 1.0618e-17
4066.760010 1.9405e-17
4069.229980 1.968e-17
4071.699951 1.4647e-17
4074.169922 1.7249e-17
4076.639893 5.0981e-18
4079.110107 1.721e-17
4081.580078 1.8683e-17
4084.050049 1.6485e-17
4086.520020 1.4954e-17
4088.989990 1.049e-17
4091.459961 1.2794e-17
4093.929932 1.2975e-17
4096.399902 1.0893e-17
4098.870117 1.3181e-17
4101.339844 1.2777e-17
4103.810059 1.4084e-17
4106.279785 1.2047e-17
4108.750000 1.5476e-17
4111.220215 1.7803e-17
4113.689941 1.7829e-17
4116.160156 1.9755e-17
4118.629883 1.5942e-17
4121.100098 1.8997e-17
4123.569824 1.3805e-17
4126.040039 2.189e-17
4128.509766 1.1945e-17
4130.979980 1.4153e-17
4133.450195 1.0455e-17
4135.919922 1.6922e-17
4138.390137 9.696e-18
4140.859863 1.2751e-17
4143.330078 1.0206e-17
4145.799805 1.7176e-17
4148.270020 2.6739e-17
4150.740234 1.8123e-17
4153.209961 1.3034e-17
4155.680176 1.4567e-17
4158.149902 6.608e-18
4160.620117 9.8521e-18
4163.089844 1.4189e-17
4165.560059 1.5129e-17
4168.029785 1.3953e-17
4170.500000 1.2913e-17
4172.970215 1.5603e-17
4175.439941 2.5793e-17
4177.910156 2.2602e-17
4180.379883 1.9676e-17
4182.850098 1.9588e-17
4185.319824 1.2593e-17
4187.790039 1.5291e-17
4190.259766 1.497e-17
4192.729980 1.7996e-17
4195.200195 1.4987e-17
4197.669922 1.1634e-17
4200.140137 1.5387e-17
4202.609863 1.8645e-17
4205.080078 2.4068e-17
4207.549805 1.7501e-17
4210.020020 1.5077e-17
4212.490234 1.5991e-17
4214.959961 1.4398e-17
4217.430176 1.7744e-17
4219.899902 2.4456e-17
4222.370117 2.5056e-17
4224.839844 1.7713e-17
4227.310059 1.7156e-17
4229.779785 1.6997e-17
4232.250000 9.6687e-18
4234.720215 1.3477e-17
4237.189941 2.9753e-17
4239.660156 1.9823e-17
4242.129883 2.0158e-17
4244.600098 1.9991e-17
4247.069824 1.3993e-17
4249.540039 1.827e-17
4252.009766 1.8153e-17
4254.479980 2.7637e-17
4256.950195 2.648e-17
4259.419922 1.862e-17
4261.890137 2.1491e-17
4264.359863 1.4883e-17
4266.830078 1.6323e-17
4269.299805 1.8248e-17
4271.770020 2.121e-17
4274.240234 1.3818e-17
4276.709961 1.9323e-17
4279.180176 2.1635e-17
4281.649902 2.2253e-17
4284.120117 1.9319e-17
4286.589844 2.3276e-17
4289.060059 1.9423e-17
4291.529785 1.8929e-17
4294.000000 1.7624e-17
4296.470215 1.6898e-17
4298.939941 2.0391e-17
4301.410156 2.2507e-17
4303.879883 2.6865e-17
4306.350098 2.7888e-17
4308.819824 1.8335e-17
4311.290039 2.1684e-17
4313.759766 1.9422e-17
4316.229980 1.6971e-17
4318.700195 1.8203e-17
4321.169922 2.6461e-17
4323.640137 2.4861e-17
4326.109863 2.149e-17
4328.580078 1.726e-17
4331.049805 1.0924e-17
4333.520020 1.619e-17
4335.990234 2.6432e-17
4338.459961 2.4351e-17
4340.930176 1.6145e-17
4343.399902 1.9505e-17
4345.870117 1.5787e-17
4348.339844 1.3201e-17
4350.810059 1.8035e-17
4353.279785 2.6293e-17
4355.750000 3.2996e-17
4358.220215 -6.648e-18
4360.689941 1.0058e-17
4363.160156 2.4267e-17
4365.629883 2.425e-17
4368.100098 1.5526e-17
4370.569824 2.0952e-17
4373.040039 2.0429e-17
4375.509766 2.6356e-17
4377.979980 1.6261e-17
4380.450195 2.1901e-17
4382.919922 2.4294e-17
4385.390137 2.0035e-17
4387.859863 2.1529e-17
4390.330078 2.8753e-17
4392.799805 2.9701e-17
4395.270020 2.1155e-17
4397.740234 2.5082e-17
4400.209961 1.8465e-17
4402.680176 1.9746e-17
4405.149902 2.3242e-17
4407.620117 2.0749e-17
4410.089844 2.4458e-17
4412.560059 2.5398e-17
4415.029785 2.1666e-17
4417.500000 3.0024e-17
4419.970215 2.2602e-17
4422.439941 1.8575e-17
4424.910156 1.6136e-17
4427.379883 1.6939e-17
4429.850098 1.5233e-17
4432.319824 1.6682e-17
4434.790039 1.2611e-17
4437.259766 1.3757e-17
4439.729980 1.3717e-17
4442.200195 1.6404e-17
4444.669922 1.2999e-17
4447.140137 7.6355e-18
4449.609863 7.2565e-18
4452.080078 1.6969e-17
4454.549805 2.3832e-17
4457.020020 2.3503e-17
4459.490234 2.2659e-17
4461.959961 2.585e-17
4464.430176 1.8183e-17
4466.899902 2.3556e-17
4469.370117 1.3036e-17
4471.839844 2.0148e-17
4474.310059 1.3196e-17
4476.779785 2.5944e-17
4479.250000 2.3541e-17
4481.720215 2.3466e-17
4484.189941 2.8416e-17
4486.660156 1.9876e-17
4489.129883 1.736e-17
4491.600098 2.1923e-17
4494.069824 1.6632e-17
4496.540039 1.8328e-17
4499.009766 1.5561e-17
4501.479980 1.5813e-17
4503.950195 2.4583e-17
4506.419922 2.037e-17
4508.890137 1.6335e-17
4511.359863 2.3104e-17
4513.830078 2.6891e-17
4516.299805 2.2338e-17
4518.770020 2.6208e-17
4521.240234 2.4625e-17
4523.709961 2.1726e-17
4526.180176 2.3084e-17
4528.649902 1.6563e-17
4531.120117 2.6585e-17
4533.589844 2.8691e-17
4536.060059 2.1554e-17
4538.529785 2.6961e-17
4541.000000 2.446e-17
4543.470215 2.8787e-17
4545.939941 2.7908e-17
4548.410156 2.5571e-17
4550.879883 2.7653e-17
4553.350098 1.5851e-17
4555.819824 1.802e-17
4558.290039 5.3908e-18
4560.759766 4.006e-18
4563.229980 1.4651e-17
4565.700195 9.0181e-18
4568.169922 1.6146e-17
4570.640137 1.8194e-17
4573.109863 1.8558e-17
4575.580078 2.3508e-17
4578.049805 2.572e-17
4580.520020 3.4321e-17
4582.990234 2.2635e-17
4585.459961 2.9719e-17
4587.930176 3.0808e-17
4590.399902 2.6017e-17
4592.870117 2.7497e-17
4595.339844 1.6343e-17
4597.810059 1.2985e-17
4600.279785 8.3348e-18
4602.750000 7.2299e-18
4605.220215 9.4187e-18
4607.689941 1.9831e-17
4610.160156 2.7898e-17
4612.629883 2.7833e-17
4615.100098 3.1403e-17
4617.569824 2.9106e-17
4620.040039 3.1885e-17
4622.509766 4.0322e-17
4624.979980 3.1655e-17
4627.450195 2.8179e-17
4629.919922 3.0893e-17
4632.390137 3.4669e-17
4634.859863 2.759e-17
4637.330078 3.6182e-17
4639.799805 3.9255e-17
4642.270020 3.9895e-17
4644.740234 3.1017e-17
4647.209961 3.8626e-17
4649.680176 4.1885e-17
4652.149902 3.6621e-17
4654.620117 4.2817e-17
4657.089844 3.4956e-17
4659.560059 3.1728e-17
4662.029785 3.2466e-17
4664.500000 2.9268e-17
4666.970215 3.0559e-17
4669.439941 2.8924e-17
4671.910156 3.3931e-17
4674.379883 3.4733e-17
4676.850098 3.3975e-17
4679.319824 3.2184e-17
4681.790039 3.3675e-17
4684.259766 4.3152e-17
4686.729980 3.6607e-17
4689.200195 3.3511e-17
4691.669922 3.128e-17
4694.140137 3.0773e-17
4696.609863 3.804e-17
4699.080078 3.248e-17
4701.549805 3.4365e-17
4704.020020 3.2281e-17
4706.490234 3.4937e-17
4708.959961 3.1794e-17
4711.430176 3.3242e-17
4713.899902 3.1123e-17
4716.370117 3.5054e-17
4718.839844 4.1707e-17
4721.310059 3.4255e-17
4723.779785 3.4881e-17
4726.250000 2.7069e-17
4728.720215 3.1272e-17
4731.189941 3.6692e-17
4733.660156 2.9622e-17
4736.129883 3.4066e-17
4738.600098 4.4663e-17
4741.069824 5.0982e-17
4743.540039 3.6754e-17
4746.009766 3.4694e-17
4748.479980 4.1895e-17
4750.950195 3.5205e-17
4753.419922 3.0256e-17
4755.890137 2.7761e-17
4758.359863 3.4603e-17
4760.830078 2.7931e-17
4763.299805 3.35e-17
4765.770020 3.4154e-17
4768.240234 3.792e-17
4770.709961 3.7096e-17
4773.180176 3.5809e-17
4775.649902 3.7372e-17
4778.120117 3.5421e-17
4780.589844 3.9465e-17
4783.060059 3.4865e-17
4785.529785 3.2174e-17
4788.000000 3.3719e-17
4790.470215 3.3281e-17
4792.939941 2.9906e-17
4795.410156 3.6295e-17
4797.879883 3.9045e-17
4800.350098 3.853e-17
4802.819824 3.1364e-17
4805.290039 3.1588e-17
4807.759766 3.0022e-17
4810.229980 3.5036e-17
4812.700195 3.763e-17
4815.169922 3.6342e-17
4817.640137 3.5542e-17
4820.109863 4.1789e-17
4822.580078 3.8789e-17
4825.049805 4.2644e-17
4827.520020 4.1559e-17
4829.990234 3.8038e-17
4832.459961 3.1743e-17
4834.930176 2.8183e-17
4837.399902 3.3613e-17
4839.870117 2.6262e-17
4842.339844 2.8322e-17
4844.810059 3.5974e-17
4847.279785 3.0157e-17
4849.750000 3.1628e-17
4852.220215 3.2684e-17
4854.689941 3.4397e-17
4857.160156 3.7005e-17
4859.629883 2.898e-17
4862.100098 3.4792e-17
4864.569824 3.4882e-17
4867.040039 3.5997e-17
4869.509766 3.6923e-17
4871.979980 3.0187e-17
4874.450195 3.5416e-17
4876.919922 3.3106e-17
4879.390137 3.5262e-17
4881.859863 3.2436e-17
4884.330078 3.3429e-17
4886.799805 2.9309e-17
4889.270020 3.7727e-17
4891.740234 3.5665e-17
4894.209961 4.4013e-17
4896.680176 3.952e-17
4899.149902 2.45e-17
4901.620117 2.7952e-17
4904.089844 3.4332e-17
4906.560059 3.9701e-17
4909.029785 3.6441e-17
4911.500000 3.3806e-17
4913.970215 3.9698e-17
4916.439941 3.8539e-17
4918.910156 4.1194e-17
4921.379883 4.2828e-17
4923.850098 3.9589e-17
4926.319824 4.242e-17
4928.790039 3.5899e-17
4931.259766 3.844e-17
4933.729980 3.5325e-17
4936.200195 3.7898e-17
4938.669922 3.8301e-17
4941.140137 4.2347e-17
4943.609863 3.7429e-17
4946.080078 3.9939e-17
4948.549805 3.7652e-17
4951.020020 3.5065e-17
4953.490234 3.2951e-17
4955.959961 3.203e-17
4958.430176 3.5859e-17
4960.899902 3.9169e-17
4963.370117 3.421e-17
4965.839844 3.7682e-17
4968.310059 3.7063e-17
4970.779785 2.4691e-17
4973.250000 3.263e-17
4975.720215 2.9257e-17
4978.189941 2.9377e-17
4980.660156 4.196e-17
4983.129883 3.9314e-17
4985.600098 2.5938e-17
4988.069824 2.6231e-17
4990.540039 3.5368e-17
4993.009766 2.6589e-17
4995.479980 3.2121e-17
4997.950195 3.4596e-17
5000.419922 3.2011e-17
5002.890137 3.8472e-17
5005.359863 4.4036e-17
5007.830078 4.6687e-17
5010.299805 4.4602e-17
5012.770020 3.8238e-17
5015.240234 3.4276e-17
5017.709961 3.1985e-17
5020.180176 3.893e-17
5022.649902 4.8885e-17
5025.120117 3.5897e-17
5027.589844 4.0334e-17
5030.060059 3.1736e-17
5032.529785 2.6612e-17
5035.000000 2.6601e-17
5037.470215 3.3351e-17
5039.939941 3.5024e-17
5042.410156 3.999e-17
5044.879883 4.012e-17
5047.350098 3.7739e-17
5049.819824 4.1048e-17
5052.290039 3.8044e-17
5054.759766 3.8298e-17
5057.229980 5.2307e-17
5059.700195 4.5432e-17
5062.169922 3.8248e-17
5064.640137 3.7872e-17
5067.109863 4.5807e-17
5069.580078 3.8229e-17
5072.049805 3.8992e-17
5074.520020 3.5701e-17
5076.990234 4.7672e-17
5079.459961 4.1665e-17
5081.930176 3.7538e-17
5084.399902 3.0518e-17
5086.870117 4.1778e-17
5089.339844 3.2838e-17
5091.810059 2.9365e-17
5094.279785 4.2314e-17
5096.750000 4.6535e-17
5099.220215 4.4364e-17
5101.689941 3.7594e-17
5104.160156 3.9481e-17
5106.629883 3.3702e-17
5109.100098 3.5341e-17
5111.569824 4.0257e-17
5114.040039 4.8204e-17
5116.509766 4.6241e-17
5118.979980 4.1438e-17
5121.450195 3.9009e-17
5123.919922 4.2787e-17
5126.390137 4.4459e-17
5128.859863 4.1459e-17
5131.330078 4.1855e-17
5133.799805 4.0759e-17
5136.270020 3.5295e-17
5138.740234 4.3313e-17
5141.209961 4.7238e-17
5143.680176 3.8918e-17
5146.149902 4.6979e-17
5148.620117 4.6749e-17
5151.089844 4.0426e-17
5153.560059 4.0281e-17
5156.029785 5.3309e-17
5158.500000 5.1187e-17
5160.970215 4.6858e-17
5163.439941 3.6906e-17
5165.910156 3.744e-17
5168.379883 4.0465e-17
5170.850098 3.6397e-17
5173.319824 3.1057e-17
5175.790039 3.9711e-17
5178.259766 4.1213e-17
5180.729980 3.4077e-17
5183.200195 4.3983e-17
5185.669922 4.634e-17
5188.140137 4.6242e-17
5190.609863 4.7254e-17
5193.080078 4.03e-17
5195.549805 3.7395e-17
5198.020020 4.0928e-17
5200.490234 4.5238e-17
5202.959961 4.2776e-17
5205.430176 4.0977e-17
5207.899902 4.2525e-17
5210.370117 4.3501e-17
5212.839844 4.0364e-17
5215.310059 4.2632e-17
5217.779785 4.9362e-17
5220.250000 4.7915e-17
5222.720215 4.7995e-17
5225.189941 4.6674e-17
5227.660156 5.5287e-17
5230.129883 5.2467e-17
5232.600098 4.6217e-17
5235.069824 4.0841e-17
5237.540039 4.486e-17
5240.009766 4.8679e-17
5242.479980 4.4504e-17
5244.950195 4.8045e-17
5247.419922 5.2042e-17
5249.890137 4.6418e-17
5252.359863 3.6935e-17
5254.830078 4.3032e-17
5257.299805 4.5001e-17
5259.770020 3.8735e-17
5262.240234 3.769e-17
5264.709961 4.7129e-17
5267.180176 5.3359e-17
5269.649902 5.2552e-17
5272.120117 4.1598e-17
5274.589844 4.1001e-17
5277.060059 4.121e-17
5279.529785 4.2271e-17
5282.000000 4.864e-17
5284.470215 5.4732e-17
5286.939941 6.1131e-17
5289.410156 5.1008e-17
5291.879883 5.0559e-17
5294.350098 5.0428e-17
5296.819824 5.7816e-17
5299.290039 4.7294e-17
5301.759766 6.04e-17
5304.229980 5.558e-17
5306.700195 5.8309e-17
5309.169922 5.4308e-17
5311.640137 4.5151e-17
5314.109863 5.6576e-17
5316.580078 4.7692e-17
5319.049805 4.9007e-17
5321.520020 4.7033e-17
5323.990234 5.2925e-17
5326.459961 4.3954e-17
5328.930176 3.4537e-17
5331.399902 4.9861e-17
5333.870117 5.1118e-17
5336.339844 4.1169e-17
5338.810059 5.2082e-17
5341.279785 5.2528e-17
5343.750000 5.0159e-17
5346.220215 4.8655e-17
5348.689941 4.1505e-17
5351.160156 4.0208e-17
5353.629883 4.9601e-17
5356.100098 6.5611e-17
5358.569824 5.944e-17
5361.040039 5.8943e-17
5363.509766 5.7852e-17
5365.979980 5.3573e-17
5368.450195 5.0438e-17
5370.919922 3.6671e-17
5373.390137 4.1257e-17
5375.859863 5.3474e-17
5378.330078 5.0607e-17
5380.799805 4.1914e-17
5383.270020 4.2866e-17
5385.740234 3.7001e-17
5388.209961 4.9241e-17
5390.680176 4.9573e-17
5393.149902 6.1211e-17
5395.620117 5.5269e-17
5398.089844 4.0656e-17
5400.560059 5.6567e-17
5403.029785 5.0337e-17
5405.500000 6.1387e-17
5407.970215 5.4891e-17
5410.439941 3.9734e-17
5412.910156 4.9735e-17
5415.379883 5.7035e-17
5417.850098 6.3624e-17
5420.319824 4.1759e-17
5422.790039 4.2408e-17
5425.259766 4.926e-17
5427.729980 5.4921e-17
5430.200195 5.2671e-17
5432.669922 6.8376e-17
5435.140137 4.051e-17
5437.609863 5.9893e-17
5440.080078 4.1604e-17
5442.549805 5.8956e-17
5445.020020 7.8416e-17
5447.490234 6.1138e-17
5449.959961 5.6889e-17
5452.430176 5.949e-17
5454.899902 5.0036e-17
5457.370117 9.9409e-17
5459.839844 7.841e-17
5462.310059 4.464e-17
5464.779785 5.2226e-17
5467.250000 7.1785e-17
5469.720215 7.1279e-17
5472.189941 8.2295e-17
5474.660156 6.8858e-17
5477.129883 6.1689e-17
5479.600098 3.9472e-17
5482.069824 5.2854e-17
5484.540039 5.6545e-17
5487.009766 5.2623e-17
5489.479980 6.7809e-17
5491.950195 7.4406e-17
5494.419922 7.4341e-17
5496.890137 6.1605e-17
5499.359863 5.4237e-20
5501.830078 2.1121e-19
5504.299805 4.5857e-17
5506.770020 1.9283e-17
5509.240234 4.7196e-17
5511.709961 5.0481e-17
5514.180176 4.799e-17
5516.649902 4.8192e-17
5519.120117 4.9325e-17
5521.589844 5.154e-17
5524.060059 5.1936e-17
5526.529785 5.0404e-17
5529.000000 4.8205e-17
5531.470215 4.7897e-17
5533.939941 4.758e-17
5536.410156 4.8309e-17
5538.879883 4.6292e-17
5541.350098 4.2258e-17
5543.819824 4.2123e-17
5546.290039 4.3903e-17
5548.759766 4.7596e-17
5551.229980 5.0413e-17
5553.700195 4.9015e-17
5556.169922 4.508e-17
5558.640137 4.1627e-17
5561.109863 4.082e-17
5563.580078 3.9675e-17
5566.049805 4.4056e-17
5568.520020 4.7228e-17
5570.990234 4.1489e-17
5573.459961 3.6187e-17
5575.930176 4.3576e-17
5578.399902 5.0725e-17
5580.870117 5.7205e-17
5583.339844 6.1781e-17
5585.810059 5.9636e-17
5588.279785 6.1251e-17
5590.750000 5.7286e-17
5593.220215 4.8893e-17
5595.689941 4.7557e-17
5598.160156 4.2745e-17
5600.629883 4.1963e-17
5603.100098 4.4149e-17
5605.569824 4.5121e-17
5608.040039 4.7791e-17
5610.509766 4.6733e-17
5612.979980 4.4804e-17
5615.450195 4.5256e-17
5617.919922 4.4992e-17
5620.390137 4.3182e-17
5622.859863 4.0003e-17
5625.330078 3.8284e-17
5627.799805 3.8992e-17
5630.270020 4.0671e-17
5632.740234 4.1821e-17
5635.209961 4.1786e-17
5637.680176 4.0419e-17
5640.149902 4.1204e-17
5642.620117 4.2865e-17
5645.089844 3.9881e-17
5647.560059 3.9522e-17
5650.029785 3.893e-17
5652.500000 3.3404e-17
5654.970215 3.5529e-17
5657.439941 4.5505e-17
5659.910156 4.8106e-17
5662.379883 4.5815e-17
5664.850098 4.4535e-17
5667.319824 4.5004e-17
5669.790039 4.1549e-17
5672.259766 4.1119e-17
5674.729980 4.6359e-17
5677.200195 4.7828e-17
5679.669922 4.74e-17
5682.140137 4.4886e-17
5684.609863 4.1799e-17
5687.080078 4.4931e-17
5689.549805 5.4679e-17
5692.020020 5.2764e-17
5694.490234 4.9649e-17
5696.959961 5.1551e-17
5699.430176 5.2824e-17
5701.899902 4.0745e-17
5704.370117 4.5562e-17
5706.839844 4.3262e-17
5709.310059 3.8795e-17
5711.779785 4.01e-17
5714.250000 4.376e-17
5716.720215 4.3672e-17
5719.189941 4.3204e-17
5721.660156 4.2045e-17
5724.129883 4.1025e-17
5726.600098 3.8923e-17
5729.069824 3.8343e-17
5731.540039 4.1638e-17
5734.009766 4.2373e-17
5736.479980 4.3678e-17
5738.950195 4.4233e-17
5741.419922 4.3643e-17
5743.890137 4.2007e-17
5746.359863 3.9286e-17
5748.830078 4.2087e-17
5751.299805 4.464e-17
5753.770020 4.3024e-17
5756.240234 4.3666e-17
5758.709961 4.3683e-17
5761.180176 4.0723e-17
5763.649902 3.9145e-17
5766.120117 4.3775e-17
5768.589844 4.3242e-17
5771.060059 3.2882e-17
5773.529785 2.8268e-17
5776.000000 3.5858e-17
5778.470215 4.2341e-17
5780.939941 4.2049e-17
5783.410156 4.0768e-17
5785.879883 3.9017e-17
5788.350098 4.2394e-17
5790.819824 5.1075e-17
5793.290039 4.9105e-17
5795.759766 4.1946e-17
5798.229980 4.4051e-17
5800.700195 4.5493e-17
5803.169922 4.3071e-17
5805.640137 4.4269e-17
5808.109863 4.4114e-17
5810.580078 4.3001e-17
5813.049805 4.5652e-17
5815.520020 4.7353e-17
5817.990234 4.2902e-17
5820.459961 4.0282e-17
5822.930176 4.3248e-17
5825.399902 4.6788e-17
5827.870117 4.6586e-17
5830.339844 4.606e-17
5832.810059 4.5236e-17
5835.279785 4.4212e-17
5837.750000 4.6879e-17
5840.220215 4.9348e-17
5842.689941 4.956e-17
5845.160156 4.5648e-17
5847.629883 4.1939e-17
5850.100098 4.2267e-17
5852.569824 4.4424e-17
5855.040039 4.544e-17
5857.509766 4.599e-17
5859.979980 4.944e-17
5862.450195 5.2619e-17
5864.919922 4.9042e-17
5867.390137 4.7997e-17
5869.859863 5.3535e-17
5872.330078 5.1774e-17
5874.799805 4.8247e-17
5877.270020 4.8365e-17
5879.740234 4.9108e-17
5882.209961 3.9692e-17
5884.680176 4.0233e-17
5887.149902 4.2974e-17
5889.620117 6.0987e-17
5892.089844 9.8288e-17
5894.560059 1.059e-16
5897.029785 9.3311e-17
5899.500000 8.4624e-17
5901.970215 7.0296e-17
5904.439941 5.7545e-17
5906.910156 5.4042e-17
5909.379883 4.9273e-17
5911.850098 4.1687e-17
5914.319824 4.1536e-17
5916.790039 4.3948e-17
5919.259766 4.4823e-17
5921.729980 4.567e-17
5924.200195 4.7944e-17
5926.669922 4.8236e-17
5929.140137 4.741e-17
5931.609863 4.7288e-17
5934.080078 4.4521e-17
5936.549805 4.4048e-17
5939.020020 4.472e-17
5941.490234 4.3025e-17
5943.959961 4.4703e-17
5946.430176 4.7628e-17
5948.899902 4.4877e-17
5951.370117 4.3078e-17
5953.839844 4.8144e-17
5956.310059 4.8413e-17
5958.779785 4.709e-17
5961.250000 4.5411e-17
5963.720215 4.2004e-17
5966.189941 3.9125e-17
5968.660156 3.8771e-17
5971.129883 3.9533e-17
5973.600098 3.8742e-17
5976.069824 3.91e-17
5978.540039 4.0905e-17
5981.009766 4.2067e-17
5983.479980 4.335e-17
5985.950195 4.8009e-17
5988.419922 5.0835e-17
5990.890137 4.6151e-17
5993.359863 3.9338e-17
5995.830078 3.6017e-17
5998.299805 3.2428e-17
6000.770020 3.5114e-17
6003.240234 4.2396e-17
6005.709961 4.0687e-17
6008.180176 3.8176e-17
6010.649902 3.8453e-17
6013.120117 3.7563e-17
6015.589844 3.8253e-17
6018.060059 4.0693e-17
6020.529785 3.9918e-17
6023.000000 3.672e-17
6025.470215 3.864e-17
6027.939941 4.1317e-17
6030.410156 4.0698e-17
6032.879883 4.1593e-17
6035.350098 4.2636e-17
6037.819824 4.0645e-17
6040.290039 3.9128e-17
6042.759766 4.2154e-17
6045.229980 4.2277e-17
6047.700195 3.7279e-17
6050.169922 3.6494e-17
6052.640137 4.1589e-17
6055.109863 4.5588e-17
6057.580078 4.3962e-17
6060.049805 4.111e-17
6062.520020 3.8827e-17
6064.990234 3.9041e-17
6067.459961 4.1753e-17
6069.930176 4.308e-17
6072.399902 4.2775e-17
6074.870117 4.3504e-17
6077.339844 4.5043e-17
6079.810059 4.6178e-17
6082.279785 4.538e-17
6084.750000 4.1925e-17
6087.220215 4.1908e-17
6089.689941 4.3124e-17
6092.160156 4.088e-17
6094.629883 4.0136e-17
6097.100098 4.193e-17
6099.569824 4.3816e-17
6102.040039 4.3375e-17
6104.509766 4.052e-17
6106.979980 4.2946e-17
6109.450195 4.2379e-17
6111.919922 4.2681e-17
6114.390137 4.7844e-17
6116.859863 5.1725e-17
6119.330078 5.3015e-17
6121.799805 4.8199e-17
6124.270020 4.5472e-17
6126.740234 4.649e-17
6129.209961 4.5379e-17
6131.680176 4.5033e-17
6134.149902 4.6558e-17
6136.620117 4.5538e-17
6139.089844 4.5477e-17
6141.560059 4.5354e-17
6144.029785 4.2266e-17
6146.500000 4.411e-17
6148.970215 4.7909e-17
6151.439941 5.1064e-17
6153.910156 4.8485e-17
6156.379883 4.7525e-17
6158.850098 5.032e-17
6161.319824 4.9808e-17
6163.790039 4.8619e-17
6166.259766 4.654e-17
6168.729980 4.5747e-17
6171.200195 4.2972e-17
6173.669922 3.9853e-17
6176.140137 3.9187e-17
6178.609863 3.9994e-17
6181.080078 4.1764e-17
6183.549805 4.5764e-17
6186.020020 4.6732e-17
6188.490234 4.4171e-17
6190.959961 4.6111e-17
6193.430176 4.8292e-17
6195.899902 4.7457e-17
6198.370117 4.8428e-17
6200.839844 4.7824e-17
6203.310059 4.7066e-17
6205.779785 4.8503e-17
6208.250000 4.8811e-17
6210.720215 4.9573e-17
6213.189941 4.8877e-17
6215.660156 4.6329e-17
6218.129883 4.5073e-17
6220.600098 4.6921e-17
6223.069824 4.4748e-17
6225.540039 4.1519e-17
6228.009766 4.2028e-17
6230.479980 4.2814e-17
6232.950195 4.3612e-17
6235.419922 4.4394e-17
6237.890137 4.6868e-17
6240.359863 4.573e-17
6242.830078 4.5424e-17
6245.299805 4.7718e-17
6247.770020 4.4824e-17
6250.240234 4.3439e-17
6252.709961 4.3946e-17
6255.180176 4.1337e-17
6257.649902 3.9618e-17
6260.120117 4.3848e-17
6262.589844 4.6208e-17
6265.060059 4.1887e-17
6267.529785 4.1265e-17
6270.000000 4.11e-17
6272.470215 3.8799e-17
6274.939941 4.0562e-17
6277.410156 4.271e-17
6279.879883 4.1763e-17
6282.350098 4.16e-17
6284.819824 4.4011e-17
6287.290039 4.4322e-17
6289.759766 4.3959e-17
6292.229980 4.5278e-17
6294.700195 4.6382e-17
6297.169922 5.0559e-17
6299.640137 4.9044e-17
6302.109863 4.6877e-17
6304.580078 4.7565e-17
6307.049805 4.2751e-17
6309.520020 3.7946e-17
6311.990234 4.0319e-17
6314.459961 4.2902e-17
6316.930176 4.3228e-17
6319.399902 4.3008e-17
6321.870117 4.2729e-17
6324.339844 4.2548e-17
6326.810059 4.2095e-17
6329.279785 4.2289e-17
6331.750000 4.2145e-17
6334.220215 4.0556e-17
6336.689941 4.1037e-17
6339.160156 4.3391e-17
6341.629883 4.3016e-17
6344.100098 4.332e-17
6346.569824 4.4863e-17
6349.040039 4.3393e-17
6351.509766 4.1413e-17
6353.979980 4.1914e-17
6356.450195 4.3304e-17
6358.919922 4.2524e-17
6361.390137 4.1266e-17
6363.859863 4.513e-17
6366.330078 4.6533e-17
6368.799805 4.4168e-17
6371.270020 4.1012e-17
6373.740234 3.9287e-17
6376.209961 3.965e-17
6378.680176 4.0358e-17
6381.149902 4.1333e-17
6383.620117 4.1177e-17
6386.089844 4.0979e-17
6388.560059 4.0732e-17
6391.029785 3.9624e-17
6393.500000 3.9884e-17
6395.970215 4.138e-17
6398.439941 4.1965e-17
6400.910156 4.276e-17
6403.379883 4.2779e-17
6405.850098 4.2476e-17
6408.319824 4.1936e-17
6410.790039 4.0828e-17
6413.259766 4.0079e-17
6415.729980 4.0278e-17
6418.200195 4.3049e-17
6420.669922 4.5005e-17
6423.140137 4.4637e-17
6425.609863 4.4022e-17
6428.080078 4.3314e-17
6430.549805 4.4712e-17
6433.020020 4.6717e-17
6435.490234 4.6031e-17
6437.959961 4.4793e-17
6440.430176 4.3973e-17
6442.899902 4.2562e-17
6445.370117 4.2675e-17
6447.839844 4.4379e-17
6450.310059 4.3912e-17
6452.779785 4.0806e-17
6455.250000 4.1189e-17
6457.720215 4.4571e-17
6460.189941 4.5987e-17
6462.660156 4.4346e-17
6465.129883 4.4947e-17
6467.600098 4.5134e-17
6470.069824 4.324e-17
6472.540039 4.3248e-17
6475.009766 4.3911e-17
6477.479980 4.2002e-17
6479.950195 3.8377e-17
6482.419922 3.8751e-17
6484.890137 4.2049e-17
6487.359863 4.3856e-17
6489.830078 4.2548e-17
6492.299805 4.0714e-17
6494.770020 3.9759e-17
6497.240234 3.8651e-17
6499.709961 3.9941e-17
6502.180176 4.2384e-17
6504.649902 4.3069e-17
6507.120117 4.3951e-17
6509.589844 4.3392e-17
6512.060059 4.2933e-17
6514.529785 4.3757e-17
6517.000000 4.112e-17
6519.470215 4.0222e-17
6521.939941 4.4285e-17
6524.410156 4.389e-17
6526.879883 4.4117e-17
6529.350098 4.8991e-17
6531.819824 5.0617e-17
6534.290039 4.667e-17
6536.759766 4.3624e-17
6539.229980 4.0355e-17
6541.700195 3.8957e-17
6544.169922 3.9621e-17
6546.640137 4.0098e-17
6549.109863 4.0908e-17
6551.580078 4.2071e-17
6554.049805 4.212e-17
6556.520020 4.1156e-17
6558.990234 4.0002e-17
6561.459961 4.0405e-17
6563.930176 3.984e-17
6566.399902 3.7743e-17
6568.870117 3.8209e-17
6571.339844 3.8768e-17
6573.810059 4.101e-17
6576.279785 4.43e-17
6578.750000 4.4675e-17
6581.220215 4.4439e-17
6583.689941 4.566e-17
6586.160156 4.5597e-17
6588.629883 4.3142e-17
6591.100098 4.1903e-17
6593.569824 4.2455e-17
6596.040039 4.3756e-17
6598.509766 4.4629e-17
6600.979980 4.383e-17
6603.450195 4.2781e-17
6605.919922 4.2535e-17
6608.390137 4.238e-17
6610.859863 4.1462e-17
6613.330078 4.1159e-17
6615.799805 3.953e-17
6618.270020 3.9522e-17
6620.740234 4.1851e-17
6623.209961 4.1584e-17
6625.680176 4.1647e-17
6628.149902 4.3566e-17
6630.620117 4.3337e-17
6633.089844 4.1719e-17
6635.560059 4.252e-17
6638.029785 4.3802e-17
6640.500000 4.4989e-17
6642.970215 4.4572e-17
6645.439941 4.2219e-17
6647.910156 4.0756e-17
6650.379883 4.2028e-17
6652.850098 4.4121e-17
6655.319824 4.426e-17
6657.790039 4.4054e-17
6660.259766 4.3764e-17
6662.729980 4.4695e-17
6665.200195 4.6661e-17
6667.669922 4.6569e-17
6670.140137 4.4933e-17
6672.609863 4.4438e-17
6675.080078 4.4324e-17
6677.549805 4.2524e-17
6680.020020 4.1128e-17
6682.490234 4.2151e-17
6684.959961 4.3909e-17
6687.430176 4.452e-17
6689.899902 4.2311e-17
6692.370117 4.0246e-17
6694.839844 4.1513e-17
6697.310059 4.5188e-17
6699.779785 4.6536e-17
6702.250000 4.4249e-17
6704.720215 4.3264e-17
6707.189941 4.346e-17
6709.660156 4.423e-17
6712.129883 4.5968e-17
6714.600098 4.6729e-17
6717.069824 4.6951e-17
6719.540039 4.5811e-17
6722.009766 4.5887e-17
6724.479980 4.5775e-17
6726.950195 4.456e-17
6729.419922 4.4969e-17
6731.890137 4.6628e-17
6734.359863 4.7613e-17
6736.830078 4.6433e-17
6739.299805 4.5295e-17
6741.770020 4.455e-17
6744.240234 4.6096e-17
6746.709961 4.75e-17
6749.180176 4.7765e-17
6751.649902 4.959e-17
6754.120117 4.9112e-17
6756.589844 4.7473e-17
6759.060059 4.7053e-17
6761.529785 4.5349e-17
6764.000000 4.3603e-17
6766.470215 4.3194e-17
6768.939941 4.3608e-17
6771.410156 4.5542e-17
6773.879883 4.7657e-17
6776.350098 4.8792e-17
6778.819824 4.7326e-17
6781.290039 4.4917e-17
6783.759766 4.3708e-17
6786.229980 4.2803e-17
6788.700195 4.1849e-17
6791.169922 4.2944e-17
6793.640137 4.2464e-17
6796.109863 4.0941e-17
6798.580078 4.2626e-17
6801.049805 4.4683e-17
6803.520020 4.4033e-17
6805.990234 4.2489e-17
6808.459961 4.3109e-17
6810.930176 4.3334e-17
6813.399902 4.2763e-17
6815.870117 4.3355e-17
6818.339844 4.5189e-17
6820.810059 4.497e-17
6823.279785 4.1848e-17
6825.750000 3.9933e-17
6828.220215 4.0188e-17
6830.689941 3.9119e-17
6833.160156 3.4804e-17
6835.629883 3.5587e-17
6838.100098 3.9231e-17
6840.569824 4.0519e-17
6843.040039 3.9917e-17
6845.509766 4.0406e-17
6847.979980 4.2274e-17
6850.450195 4.1991e-17
6852.919922 4.0911e-17
6855.390137 4.2771e-17
6857.859863 4.4297e-17
6860.330078 4.303e-17
6862.799805 4.2155e-17
6865.270020 3.9357e-17
6867.740234 3.5002e-17
6870.209961 3.2343e-17
6872.680176 3.2201e-17
6875.149902 3.314e-17
6877.620117 3.5786e-17
6880.089844 3.7716e-17
6882.560059 3.9554e-17
6885.029785 4.0884e-17
6887.500000 3.7515e-17
6889.970215 3.6383e-17
6892.439941 3.8106e-17
6894.910156 3.7555e-17
6897.379883 3.9291e-17
6899.850098 4.0434e-17
6902.319824 3.9315e-17
6904.790039 3.9548e-17
6907.259766 3.9412e-17
6909.729980 3.9653e-17
6912.200195 4.0465e-17
6914.669922 4.1299e-17
6917.140137 4.1029e-17
6919.609863 4.0547e-17
6922.080078 3.9857e-17
6924.549805 4.2714e-17
6927.020020 4.339e-17
6929.490234 4.0023e-17
6931.959961 4.1447e-17
6934.430176 4.4291e-17
6936.899902 4.2874e-17
6939.370117 3.9863e-17
6941.839844 3.8951e-17
6944.310059 3.9251e-17
6946.779785 3.9563e-17
6949.250000 4.1889e-17
6951.720215 4.3336e-17
6954.189941 4.1976e-17
6956.660156 3.954e-17
6959.129883 3.9491e-17
6961.600098 4.1426e-17
6964.069824 4.0523e-17
6966.540039 3.7512e-17
6969.009766 3.7189e-17
6971.479980 3.9753e-17
6973.950195 4.2322e-17
6976.419922 4.2959e-17
6978.890137 4.1847e-17
6981.359863 4.0958e-17
6983.830078 4.1041e-17
6986.299805 4.1544e-17
6988.770020 4.163e-17
6991.240234 4.2975e-17
6993.709961 4.4556e-17
6996.180176 4.2774e-17
6998.649902 4.1117e-17
7001.120117 4.3748e-17
7003.589844 4.5721e-17
7006.060059 4.4044e-17
7008.529785 4.2464e-17
7011.000000 4.2801e-17
7013.470215 4.4525e-17
7015.939941 4.574e-17
7018.410156 4.3666e-17
7020.879883 4.1667e-17
7023.350098 4.299e-17
7025.819824 4.5623e-17
7028.290039 4.5805e-17
7030.759766 4.3844e-17
7033.229980 4.2263e-17
7035.700195 4.0809e-17
7038.169922 4.1354e-17
7040.640137 4.5527e-17
7043.109863 4.7058e-17
7045.580078 4.5782e-17
7048.049805 4.3873e-17
7050.520020 4.2901e-17
7052.990234 4.4766e-17
7055.459961 4.4106e-17
7057.930176 4.1254e-17
7060.399902 4.0893e-17
7062.870117 4.4241e-17
7065.339844 4.6003e-17
7067.810059 4.5128e-17
7070.279785 4.417e-17
7072.750000 4.342e-17
7075.220215 4.3005e-17
7077.689941 4.2416e-17
7080.160156 4.0951e-17
7082.629883 4.161e-17
7085.100098 4.316e-17
7087.569824 4.2824e-17
7090.040039 4.418e-17
7092.509766 4.4467e-17
7094.979980 4.0703e-17
7097.450195 3.9172e-17
7099.919922 4.1058e-17
7102.390137 4.3365e-17
7104.859863 4.4776e-17
7107.330078 4.4048e-17
7109.799805 4.1323e-17
7112.270020 3.9534e-17
7114.740234 4.0706e-17
7117.209961 4.1957e-17
7119.680176 4.2113e-17
7122.149902 4.1875e-17
7124.620117 4.2247e-17
7127.089844 4.3384e-17
7129.560059 4.4559e-17
7132.029785 4.3722e-17
7134.500000 4.1408e-17
7136.970215 4.0475e-17
7139.439941 4.0642e-17
7141.910156 4.016e-17
7144.379883 3.8484e-17
7146.850098 3.7374e-17
7149.319824 3.7811e-17
7151.790039 3.9858e-17
7154.259766 4.0405e-17
7156.729980 3.9354e-17
7159.200195 4.0302e-17
7161.669922 4.0731e-17
7164.140137 3.9262e-17
7166.609863 3.8343e-17
7169.080078 3.7633e-17
7171.549805 3.7519e-17
7174.020020 3.7805e-17
7176.490234 3.7387e-17
7178.959961 3.6395e-17
7181.430176 3.5893e-17
7183.899902 3.5835e-17
7186.370117 3.5802e-17
7188.839844 3.6322e-17
7191.310059 3.5897e-17
7193.779785 3.5898e-17
7196.250000 3.7438e-17
7198.720215 3.8242e-17
7201.189941 3.7018e-17
7203.660156 3.5573e-17
7206.129883 3.5952e-17
7208.600098 3.7183e-17
7211.069824 3.7925e-17
7213.540039 3.8459e-17
7216.009766 3.797e-17
7218.479980 3.7309e-17
7220.950195 3.8673e-17
7223.419922 3.9381e-17
7225.890137 3.9675e-17
7228.359863 3.9653e-17
7230.830078 3.7479e-17
7233.299805 3.6424e-17
7235.770020 3.7788e-17
7238.240234 4.241e-17
7240.709961 4.5016e-17
7243.180176 3.9197e-17
7245.649902 3.3997e-17
7248.120117 3.3951e-17
7250.589844 3.4743e-17
7253.060059 3.6235e-17
7255.529785 3.6253e-17
7258.000000 3.4231e-17
7260.470215 3.4667e-17
7262.939941 3.9859e-17
7265.410156 4.327e-17
7267.879883 4.1256e-17
7270.350098 3.9122e-17
7272.819824 4.0372e-17
7275.290039 4.1059e-17
7277.759766 3.9555e-17
7280.229980 4.1261e-17
7282.700195 4.1282e-17
7285.169922 3.912e-17
7287.640137 3.8899e-17
7290.109863 3.8634e-17
7292.580078 3.8949e-17
7295.049805 4.1618e-17
7297.520020 4.2273e-17
7299.990234 4.054e-17
7302.459961 3.9934e-17
7304.930176 3.8802e-17
7307.399902 3.9802e-17
7309.870117 4.2389e-17
7312.339844 4.1669e-17
7314.810059 4.0154e-17
7317.279785 4.0394e-17
7319.750000 3.9906e-17
7322.220215 4.074e-17
7324.689941 4.0053e-17
7327.160156 4.0724e-17
7329.629883 4.2074e-17
7332.100098 4.2644e-17
7334.569824 4.5633e-17
7337.040039 4.6749e-17
7339.509766 4.6177e-17
7341.979980 4.5469e-17
7344.450195 4.2424e-17
7346.919922 3.8785e-17
7349.390137 3.6523e-17
7351.859863 3.6318e-17
7354.330078 3.8265e-17
7356.799805 4.0609e-17
7359.270020 4.2099e-17
7361.740234 4.2994e-17
7364.209961 4.2562e-17
7366.680176 4.4119e-17
7369.149902 4.4487e-17
7371.620117 4.1817e-17
7374.089844 3.9527e-17
7376.560059 4.0066e-17
7379.029785 4.248e-17
7381.500000 4.4132e-17
7383.970215 4.3867e-17
7386.439941 4.3624e-17
7388.910156 4.3784e-17
7391.379883 4.3394e-17
7393.850098 4.3035e-17
7396.319824 4.6254e-17
7398.790039 4.6258e-17
7401.259766 4.1931e-17
7403.729980 4.3123e-17
7406.200195 4.4335e-17
7408.669922 4.2259e-17
7411.140137 4.0915e-17
7413.609863 3.9263e-17
7416.080078 3.7447e-17
7418.549805 3.8974e-17
7421.020020 4.0246e-17
7423.490234 4.0692e-17
7425.959961 4.0873e-17
7428.430176 3.9097e-17
7430.899902 3.8975e-17
7433.370117 4.2608e-17
7435.839844 4.3385e-17
7438.310059 4.0115e-17
7440.779785 3.893e-17
7443.250000 3.9813e-17
7445.720215 4.0988e-17
7448.189941 4.2589e-17
7450.660156 4.3441e-17
7453.129883 4.3199e-17
7455.600098 4.4506e-17
7458.069824 4.2986e-17
7460.540039 4.0043e-17
7463.009766 3.9207e-17
7465.479980 4.143e-17
7467.950195 4.5184e-17
7470.419922 4.4649e-17
7472.890137 4.3133e-17
7475.359863 4.1315e-17
7477.830078 4.0583e-17
7480.299805 4.1714e-17
7482.770020 4.1881e-17
7485.240234 4.2653e-17
7487.709961 4.1719e-17
7490.180176 3.9499e-17
7492.649902 4.0291e-17
7495.120117 4.1957e-17
7497.589844 4.1905e-17
7500.060059 4.2005e-17
7502.529785 4.2816e-17
7505.000000 4.279e-17
7507.470215 4.1319e-17
7509.939941 4.1068e-17
7512.410156 4.2813e-17
7514.879883 4.2823e-17
7517.350098 4.4855e-17
7519.819824 4.8537e-17
7522.290039 4.5708e-17
7524.759766 4.3465e-17
7527.229980 4.3463e-17
7529.700195 4.2023e-17
7532.169922 3.937e-17
7534.640137 3.6695e-17
7537.109863 3.9842e-17
7539.580078 4.1393e-17
7542.049805 3.6666e-17
7544.520020 3.7632e-17
7546.990234 4.0949e-17
7549.459961 3.9844e-17
7551.930176 4.0449e-17
7554.399902 4.2919e-17
7556.870117 4.2117e-17
7559.339844 4.0268e-17
7561.810059 4.0583e-17
7564.279785 4.2475e-17
7566.750000 4.3935e-17
7569.220215 4.2675e-17
7571.689941 4.1571e-17
7574.160156 4.1305e-17
7576.629883 4.1509e-17
7579.100098 4.011e-17
7581.569824 4.072e-17
7584.040039 4.3672e-17
7586.509766 4.3583e-17
7588.979980 4.1061e-17
7591.450195 3.532e-17
7593.919922 2.4801e-17
7596.390137 1.6471e-17
7598.859863 1.4236e-17
7601.330078 1.2871e-17
7603.799805 1.003e-17
7606.270020 9.1392e-18
7608.740234 9.4889e-18
7611.209961 1.2456e-17
7613.680176 1.9449e-17
7616.149902 2.4542e-17
7618.620117 2.7953e-17
7621.089844 2.8497e-17
7623.560059 2.4295e-17
7626.029785 2.0105e-17
7628.500000 1.9134e-17
7630.970215 2.0017e-17
7633.439941 2.0044e-17
7635.910156 2.0793e-17
7638.379883 2.4249e-17
7640.850098 2.5576e-17
7643.319824 2.462e-17
7645.790039 2.6441e-17
7648.259766 2.7763e-17
7650.729980 2.7264e-17
7653.200195 2.9e-17
7655.669922 3.21e-17
7658.140137 3.4283e-17
7660.609863 3.5607e-17
7663.080078 3.7371e-17
7665.549805 3.7265e-17
7668.020020 3.6968e-17
7670.490234 3.8823e-17
7672.959961 3.9387e-17
7675.430176 4.0146e-17
7677.899902 4.0969e-17
7680.370117 3.9371e-17
7682.839844 3.8065e-17
7685.310059 3.9586e-17
7687.779785 4.0506e-17
7690.250000 3.9883e-17
7692.720215 4.1678e-17
7695.189941 4.3456e-17
7697.660156 3.9504e-17
7700.129883 3.5559e-17
7702.600098 3.8798e-17
7705.069824 4.2498e-17
7707.540039 4.2178e-17
7710.009766 4.0651e-17
7712.479980 4.3625e-17
7714.950195 4.9032e-17
7717.419922 4.4891e-17
7719.890137 4.1729e-17
7722.359863 4.1937e-17
7724.830078 3.9809e-17
7727.299805 3.9552e-17
7729.770020 4.1058e-17
7732.240234 4.0637e-17
7734.709961 4.0182e-17
7737.180176 3.9901e-17
7739.649902 3.9108e-17
7742.120117 4.0692e-17
7744.589844 4.6782e-17
7747.060059 4.9695e-17
7749.529785 4.5463e-17
7752.000000 4.4503e-17
7754.470215 4.4484e-17
7756.939941 4.252e-17
7759.410156 4.1327e-17
7761.879883 4.0544e-17
7764.350098 4.1184e-17
7766.819824 3.9016e-17
7769.290039 3.6526e-17
7771.759766 3.889e-17
7774.229980 4.1549e-17
7776.700195 4.0639e-17
7779.169922 3.8219e-17
7781.640137 3.8598e-17
7784.109863 3.8394e-17
7786.580078 3.7649e-17
7789.049805 4.0153e-17
7791.520020 4.4409e-17
7793.990234 4.5206e-17
7796.459961 4.2638e-17
7798.930176 4.0439e-17
