# ID         RA    DEC         L       B
NGC288,00 52 45.24,-26 34 57.4,152.30,-89.38
Pal2,04 46 05.91,+31 22 53.4,170.53,-9.07
NGC2419,07 38 08.47,+38 52 56.8,180.37,25.24
Ko2,07 58 17.0,+26 15 18,195.12,25.54
Pal3,10 05 31.9,+00 04 18,240.15,41.86
Pal4,11 29 16.80,+28 58 24.9,202.31,71.80
NGC4147,12 10 06.30,+18 32 33.5,252.85,77.19
NGC5024,13 12 55.25,+18 10 05.4,332.96,79.76
NGC5053,13 16 27.09,+17 42 00.9,335.70,78.95
NGC5272,13 42 11.62,+28 22 38.2,42.22,78.71
NGC5904,15 18 33.22,+02 04 51.7,3.86,46.80
NGC6093,16 17 02.41,-22 58 33.9,352.67,19.46
NGC6205,16 41 41.24,+36 27 35.5,59.01,40.91
NGC6229,16 46 58.79,+47 31 39.9,73.64,40.31
NGC6218,16 47 14.18,-01 56 54.7,15.72,26.31
NGC6235,16 53 25.31,-22 10 38.8,358.92,13.52
NGC6266,17 01 12.80,-30 06 49.4,353.57,7.32
NGC6284,17 04 28.51,-24 45 53.5,358.35,9.94
NGC6287,17 05 09.13,-22 42 30.1,0.13,11.02
NGC6293,17 10 10.20,-26 34 55.5,357.62,7.83
NGC6304,17 14 32.25,-29 27 43.3,355.83,5.38
NGC6316,17 16 37.30,-28 08 24.4,357.18,5.76
NGC6341,17 17 07.39,+43 08 09.4,68.34,34.86
NGC6325,17 17 59.21,-23 45 57.6,0.97,8.00
NGC6333,17 19 11.26,-18 30 57.4,5.54,10.71
NGC6342,17 21 10.08,-19 35 14.7,4.90,9.72
NGC6356,17 23 34.93,-17 48 46.9,6.72,10.22
NGC6355,17 23 58.59,-26 21 12.3,359.59,5.43
NGC6426,17 44 54.65,+03 10 12.5,28.09,16.23
Terzan9,18 01 38.8,-26 50 23,3.61,-1.99
NGC6522,18 03 34.02,-30 02 02.3,1.02,-3.93
NGC6528,18 04 49.64,-30 03 22.6,1.14,-4.17
NGC6624,18 23 40.51,-30 21 39.7,2.79,-7.91
NGC6626,18 24 32.81,-24 52 11.2,7.80,-5.58
NGC6715,18 55 03.33,-30 28 47.5,5.61,-14.09
NGC6934,20 34 11.37,+07 24 16.1,52.10,-18.89
NGC6981,20 53 27.70,-12 32 14.3,35.16,-32.68
NGC7078,21 29 58.33,+12 10 01.2,65.01,-27.31
Pal12,21 46 38.84,-21 15 09.4,30.51,-47.68
Pal13,23 06 44.44,+12 46 19.2,87.10,-42.70
NGC7492,23 08 26.63,-15 36 41.4,53.39,-63.48