130.063958333,19.9942777778,100.0
130.237208333,19.9348611111,100.0
131.620375,22.3521944444,88.7
129.65775,19.98975,100.0
129.764958333,19.99975,100.0
130.545,18.9343611111,99.2
130.307375,19.9219722222,100.0
129.2,18.8827777778,99.8
130.218625,20.2665,100.0
130.527083333,19.41125,99.8
129.787875,19.5924166667,99.9
129.419583333,19.5184166667,99.9
129.695625,19.5009166667,99.9
130.137333333,19.1943055556,99.9
130.326666667,19.2609444444,99.9
129.99325,20.1582777778,100.0
130.471416667,20.1594444444,100.0
131.367708333,20.3954166667,99.6
130.721125,20.8192222222,99.6
130.400833333,19.1426388889,99.9
129.390875,20.0136666667,100.0
132.391208333,20.5080555556,95.2
129.976333333,20.5602222222,100.0
130.294458333,19.8295833333,100.0
129.956666667,18.3473888889,91.6
130.590083333,20.1816388889,100.0
131.638625,18.7609444444,96.9
130.108916667,19.6864166667,100.0
129.771791667,20.1171666667,100.0
130.032125,21.0627222222,99.5
126.992208333,22.1020555556,58.9
130.490916667,18.9117222222,98.4
130.426208333,19.6605277778,100.0
131.325041667,18.8903888889,99.7
129.124375,18.9658333333,99.6
130.416708333,20.6721944444,99.9
130.192,19.3096111111,100.0
130.362416667,19.5424722222,100.0
129.991958333,19.2016111111,99.9
131.377041667,20.5901388889,99.7
130.005416667,20.1356111111,100.0
129.79225,19.6784166667,100.0
131.311166667,20.9975555556,97.7
130.685041667,19.5799722222,99.9
129.532166667,17.0506666667,71.4
129.366375,19.5625277778,100.0
130.669625,19.5431666667,99.9
129.258458333,19.60475,99.8
130.779375,19.0683333333,85.0
130.002583333,19.8065277778,100.0
129.996166667,20.0314444444,99.9
129.979416667,20.0650277778,100.0
130.564541667,19.6876666667,99.9
130.106416667,19.4757777778,100.0
129.367458333,19.1623055556,99.9
130.051291667,19.6395,100.0
129.761791667,19.7246944444,99.9
130.020458333,19.7292222222,100.0
129.968083333,19.3126388889,99.9
131.267583333,20.3577222222,98.4
130.381416667,18.5005833333,99.6
130.218833333,19.4831944444,100.0
130.653375,18.3888611111,98.3
130.950625,18.8007777778,81.4
128.866875,20.1963055556,99.8
130.439541667,19.2673055556,99.9
131.808791667,16.3964722222,52.4
130.583833333,20.0365833333,99.9
131.697166667,19.6447222222,99.7
131.049791667,17.9021944444,88.0
130.29175,19.5089444444,100.0
130.092958333,20.10675,100.0
129.601208333,20.1060277778,100.0
127.804,18.1536666667,86.9
131.366416667,21.6535555556,98.5
129.940625,19.3669722222,100.0
129.800708333,19.1155833333,99.9
130.834125,19.7690555556,99.6
130.898041667,20.1895833333,99.4
130.094625,19.46475,100.0
128.977291667,18.1493611111,63.3
129.795666667,18.1759722222,99.0
130.432583333,20.2268888889,99.9
129.115916667,17.9148611111,96.8
130.073416667,19.7875555556,100.0
129.444166667,19.4383611111,100.0
130.482791667,19.6896944444,99.9
128.748458333,21.097,96.7
130.357666667,19.9435833333,100.0
129.708375,20.0676388889,100.0
129.898041667,18.8768611111,99.9
130.774708333,19.4375555556,99.9
130.369541667,19.7466944444,99.9
129.387791667,18.6543333333,99.6
129.87675,20.0690833333,100.0
129.426458333,19.13375,99.9
127.731083333,19.5554722222,89.0
127.087291667,19.8440555556,68.4
129.854083333,19.4593333333,99.9
130.201333333,19.9219166667,100.0
130.007125,18.9998611111,99.8
130.688541667,18.8600555556,97.3
130.096958333,19.6732222222,99.9
130.114291667,19.2780277778,99.3
130.496833333,20.9186666667,99.7
132.499916667,18.3650277778,92.8
130.280708333,19.0712222222,99.0
130.139875,21.3151944444,99.1
131.154291667,19.7108333333,99.6
130.634375,19.3961944444,99.9
129.342583333,20.1770277778,99.9
130.844041667,21.6716944444,97.7
130.476541667,19.2573888889,99.8
129.812458333,20.2107777778,99.9
129.326208333,19.699,99.9
129.685291667,17.8081666667,95.9
129.297833333,19.8036666667,99.9
130.177,19.566,100.0
130.132041667,19.8502777778,100.0
129.467,19.9871666667,99.9
129.562375,20.5678055556,99.9
131.254416667,20.4421944444,99.6
130.174541667,19.22375,99.9
131.304583333,19.6868611111,99.8
129.1905,20.1239444444,99.7
129.204,19.2573611111,99.8
132.115958333,18.3455277778,52.9
130.14,18.6745,99.4
130.166333333,19.6692222222,99.9
130.752291667,20.3378055556,99.7
132.007208333,18.6771111111,98.2
130.677083333,19.0996944444,99.8
129.166791667,20.6097777778,99.8
130.040333333,19.6213888889,99.4
129.961833333,19.5505555556,100.0
130.150958333,21.5616944444,99.6
130.132666667,20.2016666667,100.0
129.533666667,20.4395277778,99.9
130.292958333,19.8186388889,100.0
130.391,19.9690833333,99.8
129.487625,19.2361944444,99.9
130.199916667,19.6589166667,99.9
130.198375,18.9033055556,99.8
130.794833333,19.5262777778,96.3
129.364791667,19.6175833333,99.8
130.760041667,19.1675277778,99.7
130.290041667,19.8551666667,100.0
129.839791667,20.7581388889,99.9
128.164416667,19.9561944444,94.3
129.559458333,19.3653333333,99.9
130.026458333,19.3073333333,99.8
131.899041667,21.9267777778,78.8
130.228625,19.9351944444,100.0
130.260916667,20.4577222222,99.8
129.447458333,19.1068611111,99.8
128.824166667,19.6361388889,99.7
129.443333333,19.5993055556,98.2
130.547875,19.2770277778,98.8
132.277916667,19.6864722222,97.0
129.869083333,19.4736388889,99.8
130.101666667,18.4538055556,68.7
129.068291667,19.5420277778,96.6
129.094541667,19.1914722222,99.2
131.071083333,18.7366388889,98.9
130.466625,20.1670277778,99.5
130.911666667,22.26925,94.3
129.841041667,19.8611666667,99.6
130.667541667,19.1330555556,99.3
129.692083333,20.57675,99.6
130.449,19.4121944444,97.0
130.017333333,19.7844166667,99.8
130.236208333,19.7347777778,99.8
129.707208333,18.2658611111,96.8
129.251541667,22.5463888889,94.3
125.641416667,19.0644444444,60.8
129.45825,19.8913055556,97.8
130.139458333,19.6335833333,99.7
130.701958333,20.5734444444,99.6
129.196291667,18.5796666667,79.8
127.145625,21.7950833333,56.1
127.434916667,20.6731111111,94.7
130.824333333,20.5103611111,99.6
129.906333333,18.1703888889,98.0
130.432,19.9621388889,99.6
127.550541667,23.2269444444,66.7
129.225458333,18.7568611111,95.5
129.531583333,19.9878611111,99.8
130.977791667,18.8935833333,98.8
129.117916667,20.2285833333,97.5
130.884958333,19.7438333333,99.0
129.909833333,19.4408888889,99.2
129.7595,19.3261944444,99.6
130.280208333,19.4469166667,92.6
128.987333333,20.8262777778,95.0
130.737833333,18.9243055556,53.5
128.097791667,20.9958055556,97.5
132.577291667,19.4285277778,95.0
132.592291667,22.8408611111,60.6
129.465833333,19.4149166667,98.9
128.588375,21.8788333333,63.9
130.119291667,20.3124722222,99.8
129.05875,19.6215,97.7
128.31425,20.7024722222,91.8
129.409208333,18.4825,97.7
127.004125,19.9047777778,85.0
128.217625,19.9766388889,98.4
130.248625,18.3678888889,96.4
131.202916667,20.2905277778,99.4
129.999916667,19.5779166667,90.3
131.708833333,21.02025,97.7
130.682166667,19.6231666667,99.7
129.946125,19.8276388889,99.7
129.883458333,20.6556388889,99.7
130.114625,19.6554722222,99.7
129.8725,19.7866111111,99.6
128.518166667,20.5750833333,98.9
128.938166667,19.6406111111,99.1
129.999291667,19.56675,99.7
130.377916667,18.8718888889,98.9
130.109333333,19.2194166667,97.7
130.184958333,18.6565277778,98.5
130.023791667,19.0251944444,99.5
133.014375,21.3602777778,57.5
131.357083333,18.7133333333,94.8
130.344083333,18.9338888889,98.8
131.554458333,20.7286666667,94.2
128.231916667,18.7328333333,97.1
130.78425,19.7131944444,99.5
131.084625,18.0498611111,94.9
130.412583333,19.2657777778,77.9
129.399,20.9909722222,99.2
130.495166667,20.1075555556,99.6
128.9995,19.5255555556,99.1
130.056041667,19.7787777778,99.6
131.639791667,18.236,91.8
130.065458333,19.9150555556,99.9
128.139208333,20.0800833333,98.0
130.9315,19.0758888889,98.0
128.6005,19.7933888889,99.2
129.743041667,19.6138055556,63.3
130.331,20.1050833333,69.6
130.894291667,18.6221944444,99.1
128.207166667,18.7017222222,97.3
129.17425,20.4110833333,99.7
131.637666667,18.9067222222,98.5
130.986333333,19.7256388889,99.7
130.813416667,20.0655555556,99.7
130.330083333,20.7775555556,99.6
128.514833333,19.79525,84.1
128.262041667,18.6826388889,98.2
129.401,19.2650555556,99.6
130.583666667,19.1515833333,99.1
130.078875,20.1918611111,99.9
130.041,18.0972777778,97.4
129.893541667,20.9557222222,99.6
130.405875,19.5205555556,99.5
130.333,19.6346388889,99.8
130.777916667,19.7915833333,99.7
130.551375,19.2135555556,99.1
127.7935,21.5895555556,92.6
128.696416667,18.0211666667,95.2
129.767125,19.5226666667,99.8
130.45075,19.4586666667,99.1
125.509083333,19.9997777778,52.9
130.553541667,19.2677777778,99.4
129.264375,19.1781111111,98.3
129.623458333,19.8625,99.8
132.3115,20.7169166667,85.0
131.329916667,19.0029722222,97.5
127.123708333,20.2589722222,52.9
129.177875,18.8952222222,99.4
129.510916667,21.2054722222,98.7
128.783541667,19.9903611111,99.3
130.064541667,19.4586111111,99.5
132.20975,22.4255555556,91.4
130.290791667,19.9353333333,99.4
129.359916667,19.4868888889,98.6
129.215125,19.0763888889,98.0
130.654166667,20.1421666667,99.4
129.223916667,18.4958611111,97.4
133.759333333,20.3983333333,80.5
128.542666667,19.8049166667,99.3
129.379375,19.1039444444,99.5
128.323416667,19.4306944444,97.5
130.244375,18.6750833333,99.3
126.877708333,20.2183055556,61.9
130.569333333,20.0923611111,99.5
127.225,20.5782222222,87.5
129.655125,19.0211388889,97.3
129.116083333,21.1211388889,87.7
129.723083333,19.5713888889,94.3
128.281041667,20.1300555556,97.0
130.164666667,18.81825,96.8
129.302541667,20.5448333333,98.8
129.59025,18.6111111111,97.3
131.557541667,20.8568611111,96.4
131.055166667,18.8198333333,98.8
130.399958333,19.1070833333,97.7
129.792375,20.4083611111,99.8
126.960833333,20.2434166667,86.7
127.886708333,21.0244444444,92.0
129.738416667,20.1815555556,99.0
130.879375,18.5485277778,98.8
131.1105,19.7933055556,97.0
129.15175,19.1852222222,99.4
129.599416667,20.7280277778,98.7
126.476583333,22.9811666667,58.2
129.556875,17.2543888889,85.7
130.675333333,19.2923055556,94.4
129.617458333,21.5461111111,97.0
131.35825,20.4273611111,98.5
129.265583333,18.6673611111,97.8
128.944916667,19.8709166667,98.4
130.230458333,18.5831111111,99.4
127.712583333,19.3524444444,97.8
129.359958333,19.1321388889,99.6
129.036041667,18.7474722222,98.9
126.646666667,20.1824166667,63.7
130.6915,21.2711944444,96.3
128.044458333,21.3415555556,97.7
129.901791667,19.2605,52.0
129.763375,20.0437777778,99.7
131.169791667,20.1936388889,99.4
129.0185,19.9202777778,98.7
129.67275,19.4216944444,99.7
133.700458333,20.8055833333,77.7
130.455583333,19.1964166667,99.5
130.314208333,20.0377777778,99.9
129.066583333,20.5531111111,98.5
130.467833333,18.0518611111,98.6
130.157875,20.3382777778,99.8
129.901875,19.4855277778,99.7
130.184416667,20.4718611111,99.8
129.318125,19.4861944444,99.6
129.240958333,21.5654444444,97.4
128.445708333,21.441,98.0
133.444458333,19.3039444444,84.9
129.249541667,20.4065,99.0
130.272166667,20.4734722222,99.3
126.77825,17.3225833333,51.3
131.767666667,22.2737777778,88.6
130.854208333,20.5653333333,99.5
129.904791667,19.8161111111,99.9
130.117625,18.9358333333,99.2
130.965875,19.9136111111,99.2
129.236666667,19.0911111111,99.6
130.772,19.4651666667,99.5
128.898791667,18.9956944444,99.1
127.74,20.6624444444,97.3
129.135666667,16.384,55.0
130.432833333,19.3022777778,99.0
129.047625,19.8778611111,99.2
127.874458333,20.4103888889,98.3
133.084375,18.3715,94.0
128.891125,18.9298333333,99.5
129.904333333,17.7888333333,92.7
129.064708333,20.6860555556,99.2
128.496833333,19.3626111111,98.8
130.929416667,17.9082777778,97.7
127.7455,18.6947222222,98.0
129.920958333,19.9913333333,99.9
130.410333333,17.64,97.3
129.026291667,20.6833055556,99.6
129.643125,18.1880833333,98.0
132.3615,18.5220833333,97.8
129.944,19.2178055556,99.7
128.461541667,19.7829444444,99.5
129.923916667,20.0281944444,99.9
130.304958333,19.5430277778,99.7
131.150541667,18.5991666667,98.0
133.0605,19.0608611111,84.5
128.651916667,18.3980555556,97.7
130.092375,18.1235555556,99.0
130.961875,20.36575,99.5
129.529625,17.3105833333,96.3
130.936416667,21.2095277778,97.5
129.454666667,17.255,97.4
129.368541667,20.6079444444,99.1
129.56575,21.3856388889,97.4
132.0615,22.5589722222,83.9
132.204708333,20.2241944444,98.5
129.234416667,18.9633333333,99.6
131.542083333,19.5288333333,98.2
129.06625,20.12025,95.5
129.730291667,19.2838055556,99.6
129.097583333,18.4058333333,98.9
129.206541667,19.5563888889,99.5
130.350708333,18.2340555556,99.3
130.64525,20.9946666667,95.9
130.335166667,19.6228888889,99.9
130.633541667,18.5911388889,94.9
132.208208333,20.4433055556,97.5
128.729708333,20.1055,99.3
131.261,20.5121666667,93.0
131.358291667,20.4229166667,99.5
129.757708333,17.8557777778,97.9
127.3665,21.1439722222,94.2
131.840083333,20.6561111111,96.5
127.661041667,17.4720555556,89.7
130.936375,19.0663333333,99.6
126.038875,20.0235833333,77.2
129.828625,20.4644722222,63.1
130.04175,20.4189722222,99.9
129.810541667,20.0219722222,99.9
130.1955,20.47475,99.8
126.962333333,19.80575,94.2
130.057416667,19.7488611111,99.9
130.497291667,19.7458888889,99.8
129.104791667,21.1490277778,99.4
129.636791667,19.7737777778,99.9
129.396041667,20.2240277778,99.5
131.8945,19.1383055556,99.0
131.235125,18.3714166667,91.5
130.22425,19.3788888889,99.8
129.477333333,20.13675,99.9
130.296083333,20.3773333333,97.8
130.903708333,20.5372222222,99.2
129.534041667,20.4461388889,99.7
129.825208333,20.7392777778,99.6
129.037416667,19.2300277778,99.7
130.002916667,19.3096388889,99.6
129.113,19.8651666667,99.8
128.3625,19.3413333333,98.5
129.457583333,19.5141111111,99.5
130.458541667,19.6596388889,99.7
129.778666667,20.3483888889,99.9
131.978,20.0618888889,81.7
129.38425,18.8839722222,99.6
130.556833333,19.8357222222,99.5
128.31,19.0767777778,98.5
129.819958333,19.7951666667,99.8
132.136291667,16.9398888889,88.2
130.521541667,20.9656944444,99.6
129.350791667,19.417,99.8
130.707,18.85975,94.4
128.706958333,18.7844444444,98.6
129.530416667,20.4487777778,99.5
130.849666667,18.6791944444,89.1
130.336916667,20.3465555556,99.7
129.235791667,20.3194722222,99.4
129.963666667,20.5805277778,99.7
129.6155,19.7654444444,99.8
126.354291667,20.2215833333,83.8
131.224458333,21.6184722222,96.6
129.264666667,19.536,99.8
131.358541667,19.6984444444,99.5
131.8255,20.4858611111,62.7
128.221208333,18.5081388889,98.8
130.293833333,18.2686111111,99.3
131.401,21.2558611111,95.4
131.47,19.3168333333,98.4
129.813583333,19.2865,99.8
129.557958333,21.1572777778,99.4
129.060541667,15.9198611111,54.8
129.815833333,20.0705833333,99.7
127.48775,18.5666666667,96.8
130.308,18.9691666667,99.7
129.203958333,19.3164722222,99.8
129.139083333,19.9151111111,99.8
131.441208333,20.4947222222,99.3
129.145458333,20.2751944444,99.7
128.820625,19.9148333333,99.2
128.840375,18.4928333333,99.1
132.093875,18.6124444444,80.2
129.385083333,19.5216666667,99.0
132.14375,19.9326388889,98.4
129.002,17.9759166667,96.0
129.171125,18.3072777778,99.1
129.090916667,20.2054722222,99.1
130.466333333,20.3466388889,99.5
131.46425,19.4242222222,98.9
130.110708333,20.2536666667,99.9
130.314291667,19.0862222222,99.1
128.996625,18.3082222222,93.3
128.970375,18.3141666667,99.1
130.803833333,18.5308055556,99.2
129.299541667,20.6798055556,98.9
129.603708333,16.9766666667,82.3
130.216125,19.9417222222,99.9
131.073125,22.7511388889,68.8
129.8435,20.0818888889,99.9
128.408416667,18.9548611111,99.2
130.079541667,18.3619166667,98.2
127.918541667,19.7983611111,95.2
128.237083333,25.3495833333,53.6
129.791083333,19.7830277778,99.8
130.082583333,18.9272777778,96.4
130.297083333,19.5296388889,99.2
129.362708333,18.9766666667,99.4
132.020625,19.4704722222,97.0
127.208,19.9889722222,94.9
129.390458333,19.311,99.2
129.261125,19.3284444444,99.3
129.711333333,19.4150277778,99.6
131.412208333,22.4988055556,59.7
128.782875,20.3397777778,99.5
125.507583333,20.32675,60.5
131.359583333,19.7844444444,99.1
129.43725,19.6747222222,99.5
129.766416667,20.5673055556,99.4
128.3595,23.5200555556,89.3
129.23325,19.5991666667,99.5
129.515458333,19.6975555556,99.3
128.51025,19.32275,99.1
131.937958333,18.3566388889,97.7
129.381458333,22.8665555556,95.2
129.07925,18.919,99.1
131.168708333,21.7649166667,85.0
128.391416667,20.0737777778,98.8
131.418708333,20.17375,97.9
128.033125,18.74075,53.3
130.826791667,19.5188333333,94.8
128.628041667,19.1000833333,91.2
128.242,22.2056388889,92.1
128.910458333,18.3589166667,81.5
130.298416667,22.2643333333,94.8
135.438208333,21.0063333333,72.1
130.996916667,19.3161388889,97.3
128.273208333,18.9301944444,98.7
126.645125,19.5663888889,95.9
130.224875,20.0900833333,99.8
131.659208333,19.8791111111,62.3
130.351916667,20.1304166667,99.6
130.717833333,19.8627777778,99.4
130.129416667,18.4322777778,93.5
128.433125,18.7974444444,97.6
132.736958333,19.6160555556,97.1
128.135166667,20.8447222222,90.9
133.793541667,19.0699166667,76.4
129.627791667,18.1217222222,79.7
130.293833333,19.9351944444,98.5
130.64175,19.6034166667,99.6
130.370041667,19.9756111111,99.7
128.246125,17.3065277778,93.1
126.63875,17.2608333333,76.7
127.7325,17.1395277778,85.1
129.634708333,18.7813333333,98.5
133.319375,17.1694444444,61.1
130.580125,19.0374444444,88.0
127.6465,16.3214722222,54.4
130.710416667,19.9177222222,99.6
129.372541667,18.6931944444,93.8
129.73725,18.8581388889,99.1
130.398708333,18.7430555556,98.9
131.787916667,18.1936666667,97.3
130.127416667,19.933,99.8
129.089833333,20.8973888889,98.6
130.564583333,19.816,99.7
130.843333333,19.2001944444,99.5
129.711833333,18.0145833333,98.2
131.961375,22.4510555556,96.3
131.511375,17.0215555556,94.2
129.529833333,17.7823888889,98.3
130.199125,20.4799722222,99.6
131.186666667,19.4061388889,98.6
130.151083333,17.9500833333,97.6
129.882291667,19.4048888889,99.2
129.419166667,19.5508888889,99.5
127.55875,18.4221944444,74.8
130.576375,18.3922222222,87.4
128.941208333,22.5118055556,73.3
134.521625,21.8795,81.8
127.920416667,18.49525,97.3
129.378083333,21.1278333333,99.3
129.21275,19.0718055556,99.2
129.605708333,18.9416666667,99.5
128.811541667,19.2754722222,99.3
128.705458333,17.43,96.3
130.413375,19.6745,99.8
128.642958333,18.7990277778,98.3
132.857666667,19.3156666667,96.2
132.751666667,18.0510555556,84.8
131.51325,19.52975,99.3
131.314875,21.0599722222,98.3
129.969833333,20.0181111111,99.8
131.89375,17.63075,80.7
131.045541667,21.7939722222,88.9
133.3645,17.9759722222,82.3
132.098208333,19.8365833333,98.5
130.070416667,20.7117222222,99.5
131.143708333,20.3415277778,97.3
128.186708333,18.0361388889,82.8
129.332916667,19.0533055556,99.7
132.341958333,22.27275,52.2
129.712625,19.8505833333,99.5
129.037333333,19.1585833333,99.6
131.435333333,19.6756666667,99.2
131.137083333,18.9640555556,99.4
130.402583333,18.9043055556,99.1
133.931875,19.6284444444,80.4
129.969333333,20.5128888889,98.8
129.9405,18.9761111111,99.5
129.079833333,19.8985833333,99.8
128.078708333,19.0523888889,98.4
129.828708333,18.8101388889,99.7
128.665416667,19.1368333333,99.4
129.478666667,19.4860277778,99.8
130.384791667,18.6696388889,64.6
128.513083333,20.3418055556,99.0
129.130083333,19.5926111111,99.8
125.714208333,18.8006944444,58.6
126.1385,19.2953333333,86.4
130.054583333,20.0578055556,99.9
128.915291667,19.1267777778,99.5
128.520375,20.6798055556,99.5
129.729875,20.2191388889,99.7
130.9035,20.5401111111,99.7
129.731916667,17.2526388889,96.4
129.699916667,21.2984444444,96.6
130.278708333,19.4436111111,99.7
131.66225,19.6191111111,99.4
130.358416667,19.9875277778,99.9
130.616833333,17.2468055556,78.2
129.122625,21.0528888889,99.6
130.093375,20.6408611111,99.8
132.318791667,21.5866944444,91.6
130.897333333,19.0039166667,99.4
129.059541667,19.4250833333,99.8
129.683041667,19.2939722222,99.8
130.456083333,20.0767222222,99.8
130.045208333,18.9825,99.6
131.079708333,18.9360833333,99.5
127.324166667,17.7031944444,87.2
129.656166667,19.2579444444,99.8
131.135791667,21.6831111111,94.6
128.502041667,18.9266944444,98.9
131.5995,19.9678611111,99.5
128.94675,18.1416666667,98.8
129.931666667,20.4943055556,99.8
131.094125,18.3859166667,98.9
128.074416667,19.5470833333,99.1
129.9715,19.4010277778,82.3
129.762125,19.5325555556,99.8
128.285208333,20.4436666667,96.8
129.66275,20.1707777778,99.9
128.917291667,18.7078611111,99.4
129.894416667,19.8000555556,99.8
129.366208333,19.9035,99.9
131.924166667,18.9413055556,98.9
127.804583333,20.9000833333,97.8
130.010375,19.6764722222,99.9
131.64525,19.2572222222,98.3
129.084958333,20.11675,97.2
128.775958333,18.8235,99.3
130.010375,19.2776944444,99.8
130.628208333,19.4919444444,99.8
130.587958333,20.0557777778,99.5
130.04775,20.0675555556,97.4
131.403541667,18.5986944444,97.4
131.583583333,18.6835277778,93.2
129.861125,20.4311944444,99.8
132.707666667,19.8101111111,97.9
130.358916667,17.8035277778,97.6
131.384083333,18.9644722222,96.2
130.885916667,19.9925,99.4
128.194958333,19.9976944444,97.7
132.497375,19.1669444444,95.7
130.017333333,19.4139444444,99.7
126.572708333,19.7265833333,92.0
129.838791667,22.0890833333,95.7
130.263083333,18.9319444444,97.8
133.387583333,20.2482222222,78.6
129.51925,20.6597777778,99.6
127.209458333,21.1280833333,72.3
130.33475,18.9619444444,98.8
129.918791667,19.3149722222,99.2
130.405708333,20.2102222222,99.9
130.645625,18.9293888889,57.3
130.506625,19.4461388889,97.0
127.714166667,18.8976388889,97.5
133.690625,21.6994166667,55.3
127.084166667,19.2585277778,93.7
130.232166667,18.8261944444,99.1
130.423916667,19.8326388889,99.7
129.387708333,20.6694444444,99.8
129.938375,20.1242777778,99.9
128.319291667,21.339,95.8
128.306125,20.5503055556,98.5
128.203208333,18.6779722222,98.7
131.029125,19.7916944444,97.9
128.642875,21.3686944444,97.9
129.488,19.4638611111,99.8
129.27975,20.7788611111,99.6
130.3655,21.0613611111,99.5
130.573041667,17.9874444444,98.4
131.4965,19.2535,96.6
131.115375,18.9693333333,99.5
131.106458333,22.59975,87.4
130.390958333,22.7987777778,84.7
130.433875,20.6044166667,99.8
130.532708333,22.18475,89.7
130.902458333,21.3193611111,94.1
129.171583333,20.27775,99.7
130.322875,20.5425,98.5
126.398875,21.1023611111,86.7
130.816083333,19.1091944444,99.2
127.112208333,20.10475,96.4
130.65675,19.9885833333,99.5
127.929041667,18.4851111111,95.8
129.642166667,20.7747777778,98.8
132.108458333,22.6086666667,71.6
129.533333333,20.0640277778,99.9
131.9605,19.1530555556,87.7
128.282125,18.7543611111,98.9
126.878916667,22.1500833333,52.4
128.251666667,20.7195277778,98.5
130.308541667,20.7415833333,99.6
130.217958333,19.1745555556,99.6
129.502541667,18.9646944444,99.7
131.509291667,19.1165277778,98.7
131.452833333,21.5323611111,97.9
129.740666667,18.77525,99.5
130.775625,19.4144722222,99.7
130.736416667,20.0716944444,99.8
130.864958333,19.8279166667,99.8
131.13275,19.5548055556,99.6
129.345125,17.6875555556,90.3
129.488625,22.6820555556,63.5
131.576125,18.7192222222,98.1
128.007833333,19.97975,98.9
130.402083333,20.5678333333,98.5
131.31225,18.7610833333,97.7
129.528166667,19.5716111111,99.9
128.409916667,20.48125,99.4
128.816875,19.2021388889,99.6
128.947083333,19.5896388889,99.4
132.005375,19.8275277778,80.0
130.736166667,20.5117222222,95.9
129.731125,19.8426111111,99.9
129.352041667,19.7866666667,99.8
130.3855,20.1018888889,99.6
130.231166667,18.2978611111,91.7
131.534041667,18.0408888889,98.3
130.608375,21.2308333333,94.0
129.812916667,19.7254444444,99.9
130.04825,19.6532777778,99.8
130.164041667,19.9399444444,99.9
129.164458333,20.3760833333,99.4
128.352583333,19.88275,99.4
128.324958333,19.2757777778,98.9
129.947083333,19.6595555556,99.9
127.33575,18.1794166667,93.7
128.997708333,20.0779166667,99.8
127.777625,21.2295277778,57.4
130.2435,18.8461944444,99.3
131.830791667,19.2144444444,75.1
129.771333333,19.7573333333,99.9
126.505083333,22.2555555556,81.6
130.399416667,21.2936388889,96.8
130.802708333,19.5747222222,98.5
132.031041667,19.9164444444,97.2
129.362791667,18.8109444444,99.4
130.553,18.6836388889,96.7
129.87775,17.9809166667,98.9
131.274583333,19.2993055556,99.6
130.834541667,20.0793333333,99.5
131.338166667,18.8843055556,82.4
129.013875,19.4246666667,99.2
130.015291667,19.9165277778,99.9
130.784958333,19.4683611111,99.5
131.953583333,18.6054166667,98.2
131.343333333,19.0356111111,99.0
128.807791667,23.1994444444,66.4
131.500083333,17.8274166667,95.0
129.831666667,20.2918333333,70.4
128.011375,20.7724166667,99.0
129.864375,18.2487777778,85.6
130.89425,18.7538333333,93.4
128.830583333,19.7614444444,99.7
129.976708333,19.4603333333,99.8
130.071125,18.6082777778,99.1
129.2105,18.6816944444,99.1
128.728958333,21.6484444444,98.7
129.093375,20.1186111111,98.5
131.974333333,19.1314722222,76.5
129.654541667,21.2468888889,99.3
130.389791667,19.5500555556,99.8
129.877958333,18.9481388889,98.4
129.533708333,18.7416666667,97.6
129.639541667,22.6763888889,97.0
128.438583333,19.6544444444,99.5
130.232916667,18.2461666667,98.6
128.29575,19.4894722222,99.4
129.050291667,18.7354722222,99.4
131.18425,21.1203888889,99.4
128.557875,21.3978055556,96.1
131.096708333,20.2321388889,99.5
129.762833333,19.4043055556,99.8
130.664291667,19.4144444444,99.1
130.142333333,18.3591944444,98.8
129.944791667,19.7368333333,99.8
130.897916667,19.4565,99.7
130.473291667,19.6085,99.9
129.885166667,21.0479444444,99.7
129.067333333,19.3779722222,99.0
129.225166667,19.6171666667,99.6
134.907666667,21.8316666667,58.1
130.792166667,19.4766666667,94.4
129.343458333,22.0334166667,96.4
130.16425,19.7153611111,99.6
129.927291667,19.308,99.3
129.878916667,19.9671944444,99.7
131.178208333,20.963,97.9
133.26825,17.7419722222,59.4
129.504708333,19.9786111111,99.7
131.678375,19.4261944444,98.2
131.360958333,19.2368611111,98.9
129.925125,20.2958333333,99.7
128.645791667,19.0730277778,98.3
132.646958333,20.7104444444,96.2
127.9185,21.2734722222,54.3
129.690375,20.6621944444,97.3
131.403666667,18.7236388889,97.8
131.829458333,21.1839166667,97.3
130.221916667,18.7483333333,99.1
131.668,19.2751111111,97.2
128.724375,18.0181944444,97.1
128.527875,20.8296666667,98.5
129.666458333,17.9058333333,96.1
128.547458333,21.0707777778,98.7
131.343125,19.8278055556,99.1
130.063333333,20.0872222222,99.7
130.294791667,19.0316388889,98.9
130.467625,19.7078611111,98.1
131.449833333,19.6051944444,75.1
131.0885,19.9365833333,99.2
130.324125,17.0557222222,87.9
129.842291667,20.7995555556,99.2
129.215083333,18.8386944444,98.8
128.518041667,16.9735277778,85.7
131.770666667,18.9285555556,98.0
128.959416667,19.8500277778,99.4
129.050166667,17.8796388889,97.3
127.976125,18.7600277778,96.5
131.237583333,21.1133611111,64.9
130.685875,18.4666666667,98.6
132.000958333,20.4018888889,96.3
130.310208333,20.9961944444,99.4
128.315666667,23.1620277778,86.9
130.542875,18.76675,97.1
129.013541667,20.8376944444,98.7
130.6245,19.9754722222,99.6
128.861791667,21.6505,77.6
130.312083333,17.4601666667,93.9
129.551833333,20.1340555556,99.0
130.670708333,19.5328888889,99.2
130.332041667,19.0984444444,99.1
129.99425,16.2962222222,79.6
126.423416667,19.5118055556,89.9
129.045125,19.6948055556,96.2
127.781625,16.5844722222,84.1
131.0485,20.2166666667,99.1
129.919125,18.6163055556,98.8
128.913666667,20.40275,98.6
128.821041667,17.6067777778,92.8
131.538291667,21.608,95.3
130.947333333,18.0500277778,90.8
128.935875,18.9606111111,98.6
130.257333333,17.8143055556,88.1
131.048833333,16.5423333333,66.7
131.609666667,17.8456944444,91.2
132.82025,22.2351666667,71.2
130.628083333,19.1160555556,99.4
129.281875,19.9576111111,80.5
131.285583333,19.1522777778,98.9
131.113375,18.8724166667,96.7
129.187541667,20.1460833333,99.4
127.677416667,19.3752222222,77.2
129.457666667,20.7946388889,98.0
130.42525,20.5688611111,99.5
128.506458333,21.0108333333,98.4
129.673333333,19.5716666667,99.6
129.155583333,16.0223611111,56.4
128.367541667,18.72675,94.2
130.430583333,21.3617222222,98.0
131.848625,16.4136388889,66.3
127.808291667,21.1374722222,85.2
131.420333333,18.5826111111,50.6
132.891291667,17.70675,89.7
130.623666667,19.3312777778,98.9
129.087958333,18.841,97.2
129.734,21.9408611111,85.5
135.186083333,18.1627222222,52.9
129.035833333,19.9570555556,99.1
129.570625,20.3098055556,98.4
130.59925,19.3867777778,99.2
130.477666667,18.3028333333,91.0
128.575125,18.4709444444,97.4
130.811125,17.7083611111,96.0
131.72375,19.0491388889,98.1
132.7495,19.0098611111,88.2
128.309375,20.6058888889,96.2
133.165291667,19.49125,66.2
130.361666667,19.8768611111,99.5
129.636958333,17.3938888889,95.8
128.24825,20.1208055556,92.3
128.208791667,24.8879444444,50.2
130.369708333,19.7136111111,99.5
130.145625,20.6010555556,99.3
130.800208333,18.6958611111,98.9
130.358416667,21.5736944444,60.4
129.528,20.1623611111,99.0
129.605708333,20.3558333333,99.4
129.663125,17.4968055556,95.6
130.689083333,20.5926666667,99.4
130.591791667,18.7682777778,92.3
128.587166667,20.529,96.7
131.002791667,20.6459444444,97.6
128.391041667,18.4083333333,96.7
129.010083333,19.0740277778,94.1
126.307208333,17.6125833333,78.0
129.725833333,19.8623888889,98.8
131.33775,18.82575,98.5
127.893541667,17.3065277778,88.3
132.048125,21.4430833333,94.7
131.5655,18.0972222222,96.5
128.738875,17.4877777778,95.4
132.047833333,18.1911111111,94.8
129.13125,18.31525,98.3
129.735791667,20.8577222222,98.3
129.675583333,18.3820833333,98.6
130.890625,19.4068611111,98.6
129.244333333,18.8311666667,98.6
131.62675,19.6486944444,98.4
131.051333333,20.7169444444,97.7
131.799708333,21.1301388889,95.5
131.583583333,21.0089166667,97.8
130.472291667,19.2655,99.1
130.833875,20.0738333333,99.4
130.288583333,17.5713888889,95.5
128.702125,17.933,97.0
127.775125,18.13,92.3
129.814083333,19.3245555556,99.4
129.858916667,18.8047222222,98.3
127.750833333,19.4044444444,95.9
131.392875,16.911,86.1
129.916958333,18.847,99.3
130.7105,20.3344166667,99.5
133.620041667,21.8183611111,75.1
130.46075,19.4943055556,99.4
129.860625,20.8623888889,99.5
128.988375,19.3517777778,99.3
130.292666667,22.12925,63.7
128.355083333,18.34625,63.6
130.449666667,20.3896111111,99.5
129.595375,21.4334722222,78.0
132.214166667,20.90425,97.3
131.266,21.4716944444,92.8
130.070625,20.7001944444,99.3
132.84675,19.8550833333,81.8
130.843583333,20.9070277778,99.2
128.341375,22.0928888889,77.2
131.508166667,20.5341944444,98.9
129.160625,21.1916666667,98.7
131.747708333,19.9165277778,96.7
130.329583333,19.0885,99.2
129.712625,19.3093055556,99.5
131.535458333,19.8979722222,96.3
130.014625,23.2881388889,88.7
132.350166667,20.2351388889,96.1
128.746958333,21.1436944444,97.4
127.066166667,18.2077777778,83.9
129.6995,21.7592777778,94.1
132.334875,16.4484166667,62.4
132.249583333,20.69875,88.4
130.518666667,19.5451944444,96.8
131.301458333,19.3068611111,81.6
129.663708333,19.6944722222,99.7
131.917875,21.7235555556,91.8
129.127083333,19.9205277778,99.3
130.261,18.1685277778,95.0
130.513625,21.1726388889,99.0
130.75775,19.9012777778,98.9
130.00025,17.3683333333,95.0
129.8155,19.334,99.3
130.005583333,20.3729166667,86.8
128.467666667,19.4366111111,98.8
129.004458333,21.2864722222,98.9
130.370791667,18.75975,90.7
132.650541667,19.9518611111,96.3
127.524958333,18.2795277778,95.1
130.239625,20.4781666667,99.3
130.241,23.1213611111,91.6
130.773208333,18.9183333333,96.3
132.180166667,22.4996944444,55.4
128.813375,19.3754166667,98.5
134.014583333,20.9532222222,73.6
128.730791667,20.1844444444,98.5
130.762041667,21.7537777778,95.8
127.51225,17.9505833333,71.7
129.837833333,18.4366944444,97.8
131.614208333,19.2090277778,97.8
130.667625,15.6404166667,62.0
129.591083333,20.0932222222,99.2
127.702125,21.6125833333,78.1
132.236708333,23.8394444444,55.8
130.192041667,16.8186944444,79.0
130.4735,20.6210833333,98.7
129.915208333,19.1156111111,99.1
129.256083333,20.8966388889,99.3
129.335,20.5355277778,95.1
128.985458333,20.6186111111,98.8
129.728166667,20.788,97.1
128.629541667,20.6293333333,86.7
130.263083333,19.3025833333,91.0
130.276916667,19.1029444444,99.4
129.735458333,18.2166111111,91.0
130.016291667,18.9326111111,99.1
132.054666667,21.4334444444,73.4
128.39375,19.9516388889,96.6
128.298666667,16.2642777778,56.0
131.771833333,19.0360833333,98.0
129.672,19.9964166667,99.1
130.986416667,18.356,66.7
128.900541667,19.5328611111,99.1
128.030541667,19.6066666667,75.6
128.308041667,20.7134166667,95.3
130.348791667,20.9394722222,98.4
130.080125,18.2113888889,96.6
127.102708333,20.465,78.4
130.991416667,19.5164444444,83.9
129.690916667,20.9166388889,83.8
127.494541667,19.4830555556,96.8
129.345208333,17.33325,86.7
127.202708333,18.9766388889,91.2
130.292333333,19.2036944444,98.7
129.900625,18.68025,97.9
130.241958333,20.2139722222,99.0
129.827083333,19.3789444444,99.4
129.510291667,20.6212222222,99.1
128.347833333,20.3008888889,98.2
129.6485,21.17725,98.5
128.820958333,20.9696666667,96.8
130.426416667,18.2132777778,98.4
129.324541667,19.4880555556,99.3
130.554625,19.3146944444,85.1
128.614083333,18.69725,97.7
132.044625,19.6258888889,92.2
130.218708333,18.017,73.8
130.584208333,21.7455277778,97.9
131.151666667,19.28825,98.5
130.986041667,19.2716666667,97.0
128.347541667,18.3829444444,93.3
127.862083333,18.6823333333,96.6
134.007208333,19.2876388889,59.9
130.173583333,19.5001944444,99.5
129.589583333,20.1373611111,99.7
131.26875,17.0047222222,89.1
131.310208333,19.5557222222,90.2
129.505666667,20.5415277778,99.2
135.04425,19.1231388889,61.5
130.80525,20.0044444444,99.1
129.778958333,19.7855555556,99.4
130.406583333,20.5334444444,99.5
130.317958333,20.8152222222,98.4
128.816125,17.8457222222,96.1
129.455041667,20.7852222222,99.1
130.478166667,19.6169166667,99.5
129.041291667,19.2879444444,95.6
130.08,18.6340277778,98.7
132.125291667,18.9509444444,96.9
130.449708333,19.9972222222,93.1
129.898833333,21.7392777778,98.4
131.63325,18.9738055556,97.1
129.518875,17.2565,72.3
130.244875,22.4805277778,95.2
127.652708333,18.3772222222,89.4
131.520916667,16.7986111111,49.9
129.489791667,18.9731111111,97.8
130.033958333,20.2185,99.3
130.245416667,19.2379722222,94.6
130.281083333,21.9157222222,100.0
129.923583333,19.4834444444,98.1
129.00675,19.9586944444,98.0
129.4555,19.9628888889,98.8
132.127375,19.752,91.2
134.467916667,18.8352777778,100.0
129.830708333,18.6395555556,92.5
128.85125,19.4289722222,95.4
130.5305,18.6213611111,95.5
129.478916667,19.4935833333,78.4
128.732625,18.6098333333,63.9
131.01625,19.0202222222,96.0
130.430916667,21.4973333333,96.6
129.205958333,22.2683888889,51.7
129.423083333,18.5132777778,92.4
129.35525,20.1097222222,96.0
130.659625,18.5410833333,97.2
127.430916667,18.5633888889,66.8
128.966958333,20.2663333333,98.3
133.139125,20.9625555556,74.4
132.557,19.69,88.7
130.729666667,20.5206666667,99.0
130.64025,18.4580555556,96.9
128.883083333,21.0179166667,80.2
131.275458333,20.4536944444,98.0
129.274375,19.2830277778,98.6
129.246083333,17.70175,92.0
129.863625,20.7330833333,98.9
129.096958333,18.5450555556,83.7
128.776375,19.9466666667,98.0
127.899791667,20.4053333333,79.3
126.317208333,18.9107777778,70.2
127.461791667,18.3990555556,87.3
131.731791667,18.0336111111,88.3
129.080666667,20.6796388889,96.5
130.75225,21.3911388889,93.3
130.423958333,20.319,98.3
130.787708333,19.7199722222,98.9
130.386458333,19.6705,97.1
128.702958333,20.3112222222,77.1
130.693916667,18.4385833333,95.3
127.874458333,21.4441111111,72.0
130.044166667,20.3473611111,98.6
129.502,19.6822777778,98.4
132.042541667,19.1499722222,89.5
130.519583333,19.6335277778,95.1
131.608083333,19.8932222222,94.8
130.226791667,16.0168611111,64.9
131.666708333,21.5748611111,91.6
129.700666667,16.5322222222,69.0
131.604125,22.8424722222,52.0
127.511041667,19.9364166667,79.5
126.342625,20.36575,75.7
129.803,19.5046944444,84.8
129.985958333,17.1759722222,83.7
130.776541667,19.3941111111,84.5
129.297625,20.2294166667,75.4
131.542916667,22.9957777778,74.8
130.263875,18.6210555556,96.5
